reconstruct multiple
26 number of sample points
13643 0.3894737 0.8319079
13644 0.29736844 0.74967104
13645 0.29736844 0.67236847
13646 0.5555921 0.70855266
13647 0.6542763 0.9042764
13648 0.26118422 0.91085535
13649 0.48980263 0.5917764
13650 0.25131577 0.5490132
13651 0.63782895 0.53914475
13652 0.35164472 0.6246711
13653 0.40263158 0.6098684
13654 0.42401314 0.6049342
13655 0.47664472 0.8220395
13656 0.5358553 0.7743421
13657 0.4125 0.7414474
13658 0.37796053 0.725
13659 0.3631579 0.69046056
13660 0.37796053 0.67730266
13661 0.40263158 0.65756583
13662 0.44703948 0.64769745
13663 0.46348685 0.72171056
13664 0.4832237 0.7069079
13665 0.49802628 0.68881583
13666 0.5046053 0.6657895
13667 0.47828946 0.64605266
13668 0.4388158 0.7381579
