reconstruct multiple
44 number of sample points
1 0.22664475 0.13848674
2 0.17401317 0.19605255
3 0.13947368 0.3210526
4 0.13453947 0.45263153
5 0.1444079 0.51184213
6 0.17401317 0.63026315
7 0.24473685 0.7207237
8 0.3631579 0.77335525
9 0.49967107 0.77828944
10 0.6197369 0.6878289
11 0.6641448 0.56118417
12 0.6937501 0.40822363
13 0.67236847 0.2733552
14 0.6115132 0.16151309
15 0.53256583 0.112170994
16 0.42236844 0.09572363
17 0.30230263 0.112170994
18 0.3006579 0.57434213
19 0.33190793 0.61217105
20 0.37302634 0.62532896
21 0.41743422 0.63519734
22 0.45526317 0.63026315
23 0.5046053 0.5842105
24 0.45361844 0.56776315
25 0.3894737 0.5661184
26 0.3401316 0.56118417
27 0.41414475 0.36874992
28 0.3911184 0.39835525
29 0.38125002 0.4394737
30 0.43059212 0.44605255
31 0.30559212 0.22401309
32 0.27598682 0.261842
33 0.2726974 0.29473674
34 0.30888158 0.30953944
35 0.36809212 0.3111841
36 0.38289472 0.27828938
37 0.35164472 0.24703944
38 0.4700658 0.32927626
39 0.5243422 0.33749998
40 0.57861847 0.32763153
41 0.58848685 0.29967105
42 0.5720395 0.2503289
43 0.5243422 0.2503289
44 0.47993425 0.28980255
