reconstruct multiple
26 number of sample points
1 0.25185066 0.87937087
2 0.27968997 0.9072102
3 0.3063649 0.9338851
4 0.32260352 0.95012367
5 0.3562412 0.98376137
6 0.39830008 0.98146397
7 0.37247983 1.0
8 0.4307773 0.94898677
9 0.4528143 0.92694974
10 0.47717223 0.9025918
11 0.48877293 0.89099115
12 0.52241063 0.85735345
13 0.5398097 0.8399544
14 0.5722869 0.8074771
15 0.58852553 0.79123855
16 0.25394735 0.5843526
17 0.3480263 0.58185524
18 0.3026316 0.47322065
19 0.20394737 0.41703033
20 0.19407894 0.2584488
21 0.23157895 0.26843822
22 0.2631579 0.31713647
23 0.2769737 0.37957013
24 0.62796056 0.7167763
25 0.23322368 0.8236842
26 0.41578946 0.7480264
