reconstruct multiple
37 number of sample points
1 0.42236844 0.6180921
2 0.38618422 0.53421056
3 0.41414475 0.47171053
4 0.4832237 0.45361844
5 0.5243422 0.4832237
6 0.6098684 0.58355266
7 0.5555921 0.62796056
8 0.5078948 0.6493421
9 0.1805921 0.42072368
10 0.22664472 0.3450658
11 0.3138158 0.29407895
12 0.59013164 0.26447368
13 0.6855264 0.31546053
14 0.7546053 0.475
15 0.80723685 0.70855266
16 0.7907895 0.75953954
17 0.6740132 0.84671056
18 0.5819079 0.8845395
19 0.45855263 0.87631583
20 0.37631577 0.8434211
21 0.32203948 0.7611842
22 0.22993422 0.6246711
23 0.7858553 0.57861847
24 0.5621711 0.5177632
25 0.46348685 0.5605263
26 0.46842104 0.5243422
27 0.50131583 0.5292764
28 0.50625 0.5588816
29 0.48157892 0.56381583
30 0.46019736 0.54572374
31 0.47993425 0.19046053
32 0.37796053 0.13125
33 0.5111842 0.13453947
34 0.30394736 0.022697369
35 0.5177632 0.01118421
36 0.33026317 0.065460525
37 0.5029605 0.055592112
