reconstruct multiple
175 number of sample points
1 0.40921053 0.17236842
2 0.35657895 0.18223685
3 0.30230263 0.20197369
4 0.25789475 0.24144739
5 0.23157895 0.2792763
6 0.21842106 0.32532895
7 0.21677631 0.3894737
8 0.21677631 0.44210526
9 0.22006579 0.5078948
10 0.225 0.56546056
11 0.22828946 0.6197369
12 0.22664472 0.6707237
13 0.22828946 0.72006583
14 0.22335526 0.7743421
15 0.225 0.82861847
16 0.24802631 0.87631583
17 0.31217104 0.89605266
18 0.37467104 0.9042764
19 0.45526317 0.91414475
20 0.5095395 0.9223684
21 0.5736843 0.91578954
22 0.64276314 0.90592104
23 0.7118421 0.9174342
24 0.79572374 0.91414475
25 0.8121711 0.85657895
26 0.8171053 0.7726974
27 0.81546056 0.6871711
28 0.8220395 0.6148027
29 0.8302632 0.5555921
30 0.82861847 0.475
31 0.8319079 0.42236844
32 0.8368422 0.35328948
33 0.80888164 0.29736844
34 0.74473685 0.28914475
35 0.6838816 0.28914475
36 0.6246711 0.29407895
37 0.5671053 0.29901317
38 0.512829 0.30065787
39 0.46019736 0.33355263
40 0.4404605 0.36973685
41 0.4256579 0.42401314
42 0.43059212 0.49144736
43 0.42401314 0.55230266
44 0.42072368 0.6263158
45 0.43059212 0.69539475
46 0.43717107 0.7480264
47 0.48651317 0.75296056
48 0.5605263 0.7611842
49 0.6098684 0.75296056
50 0.64276314 0.6740132
51 0.63782895 0.6131579
52 0.64769745 0.53914475
53 0.64769745 0.5111842
54 0.4700658 0.21842106
55 0.4256579 0.22664472
56 0.40098682 0.24967107
57 0.36973685 0.27598682
58 0.35493422 0.29901317
59 0.34671053 0.34013158
60 0.3450658 0.39276314
61 0.3368421 0.4388158
62 0.32532895 0.4881579
63 0.33355263 0.5424342
64 0.3368421 0.59506583
65 0.33848685 0.6559211
66 0.34342104 0.7101974
67 0.34013158 0.75789475
68 0.35657895 0.79901314
69 0.37796053 0.8171053
70 0.41743422 0.8220395
71 0.44539475 0.8269737
72 0.48486844 0.8302632
73 0.5194079 0.83355266
74 0.5490132 0.8319079
75 0.60164475 0.8302632
76 0.65756583 0.8269737
77 0.6921053 0.8171053
78 0.7134869 0.78914475
79 0.7233553 0.7480264
80 0.7282895 0.70197374
81 0.7282895 0.65756583
82 0.7332237 0.6
83 0.7365132 0.54572374
84 0.7365132 0.49144736
85 0.7365132 0.44703948
86 0.7365132 0.42072368
87 0.731579 0.38782895
88 0.6921053 0.38125002
89 0.6625 0.38289472
90 0.6164474 0.39276314
91 0.5720395 0.3976974
92 0.5539474 0.42401314
93 0.53914475 0.47171053
94 0.53914475 0.52105266
95 0.5375 0.5671053
96 0.54078954 0.606579
97 0.54078954 0.65098685
98 0.54078954 0.6756579
99 0.6312501 0.7184211
100 0.64276314 0.5802632
101 0.5226974 0.76447374
102 0.45526317 0.7546053
103 0.43223682 0.72664475
104 0.42072368 0.6657895
105 0.42236844 0.59506583
106 0.42730263 0.52598685
107 0.42730263 0.4667763
108 0.43059212 0.39276314
109 0.48651317 0.3138158
110 0.6 0.29901317
111 0.6608553 0.29078948
112 0.7759869 0.29407895
113 0.8269737 0.32203948
114 0.8368422 0.38782895
115 0.83355266 0.512829
116 0.825329 0.5802632
117 0.7381579 0.5243422
118 0.8171053 0.6542763
119 0.81381583 0.73486847
120 0.8203948 0.81875
121 0.80723685 0.8828948
122 0.75953954 0.91578954
123 0.6707237 0.91085535
124 0.60822374 0.91578954
125 0.54407895 0.9256579
126 0.47664472 0.919079
127 0.42072368 0.90921056
128 0.3417763 0.9042764
129 0.27269736 0.8845395
130 0.22171052 0.80723685
131 0.23322368 0.85328954
132 0.22335526 0.74638164
133 0.225 0.69539475
134 0.225 0.64769745
135 0.22828946 0.5868421
136 0.22664472 0.5358553
137 0.21842106 0.47993425
138 0.21348684 0.42236844
139 0.21348684 0.36151317
140 0.22664472 0.29407895
141 0.25131577 0.25625
142 0.2792763 0.21513158
143 0.3319079 0.18552631
144 0.38618422 0.17565788
145 0.35164472 0.31546053
146 0.34835526 0.37302634
147 0.3417763 0.41414475
148 0.32697368 0.45855263
149 0.32203948 0.50625
150 0.33519736 0.5605263
151 0.33848685 0.6213816
152 0.33848685 0.6789474
153 0.3368421 0.7365132
154 0.3417763 0.7776316
155 0.575329 0.8302632
156 0.63289475 0.8269737
157 0.71513164 0.76447374
158 0.72664475 0.72171056
159 0.731579 0.67730266
160 0.731579 0.6296053
161 0.7332237 0.5736843
162 0.7365132 0.46348685
163 0.7167763 0.38289472
164 0.63782895 0.39276314
165 0.60328954 0.3976974
166 0.54407895 0.44210526
167 0.54078954 0.50131583
168 0.53914475 0.54736847
169 0.64276314 0.64769745
170 0.63947374 0.69375
171 0.58848685 0.75953954
172 0.5424342 0.29901317
173 0.7167763 0.2842105
174 0.8302632 0.44703948
175 0.38125002 0.26118422
