reconstruct multiple
85 number of sample points
1 0.37467104 0.2865131
2 0.31217104 0.2322368
3 0.32203948 0.15822363
4 0.3680921 0.118749976
5 0.43059212 0.11052632
6 0.48486844 0.1384868
7 0.49967107 0.19440788
8 0.48980263 0.237171
9 0.4404605 0.2815789
10 0.34013158 0.26184207
11 0.44210526 0.60065794
12 0.39605263 0.6203947
13 0.37138158 0.6713816
14 0.37796053 0.7355263
15 0.41578946 0.7651316
16 0.45690787 0.7601974
17 0.5029605 0.7404605
18 0.51611847 0.6911185
19 0.5095395 0.6351974
20 0.48157892 0.61217105
21 0.72006583 0.42138153
22 0.75625 0.37697363
23 0.8203948 0.36546052
24 0.8631579 0.40986836
25 0.8730263 0.46907896
26 0.8483553 0.5052632
27 0.79572374 0.5200658
28 0.7430922 0.49046052
29 0.72664475 0.46249998
30 0.09342105 0.39506578
31 0.13782893 0.42960525
32 0.1493421 0.4641447
33 0.1444079 0.48881578
34 0.114802636 0.50361836
35 0.083552636 0.50361836
36 0.04901316 0.487171
37 0.03914474 0.44440788
38 0.062171057 0.41644734
39 0.79901314 0.7700658
40 0.7611842 0.78651315
41 0.74473685 0.82434213
42 0.74473685 0.87532896
43 0.762829 0.9098684
44 0.79736847 0.9131579
45 0.8302632 0.90328944
46 0.85164475 0.8835526
47 0.8746711 0.8391447
48 0.84506583 0.79473686
49 0.7365132 0.07763159
50 0.74638164 0.118749976
51 0.7825658 0.14506572
52 0.825329 0.14506572
53 0.8746711 0.12697369
54 0.8845395 0.07927626
55 0.85328954 0.03486836
56 0.81546056 0.029934168
57 0.7726974 0.03980255
58 0.1625 0.8194079
59 0.124671064 0.8194079
60 0.08684211 0.8292763
61 0.07039474 0.8588816
62 0.065460525 0.9098684
63 0.08519737 0.9625
64 0.12138157 0.9625
65 0.16414474 0.9444079
66 0.18881579 0.9082237
67 0.17894736 0.85723686
68 0.109868415 0.0315789
69 0.073684216 0.054605246
70 0.03914474 0.07434207
71 0.0062499996 0.09243417
72 0.040789478 0.10065782
73 0.076973684 0.113815725
74 0.10493421 0.12861836
75 0.15098684 0.1384868
76 0.1493421 0.112170994
77 0.13947368 0.07269728
78 0.4042763 0.40493417
79 0.40756577 0.44769734
80 0.40921053 0.48388153
81 0.45032895 0.47894734
82 0.49144736 0.47401315
83 0.49144736 0.4328947
84 0.49144736 0.3835526
85 0.45032895 0.3901316
