reconstruct multiple
101 number of sample points
1 0.40592107 0.7519737
2 0.6230264 0.47401315
3 0.44210526 0.39671046
4 0.7677632 0.6203947
5 0.5243422 0.73059213
6 0.35164472 0.5381579
7 0.45032895 0.5924342
8 0.46513158 0.5463816
9 0.41414475 0.5167763
10 0.40921053 0.5842105
11 0.26447368 0.30701286
12 0.7184211 0.17138153
13 0.72171056 0.3391447
14 0.79572374 0.38190788
15 0.26776314 0.33256578
16 0.24638158 0.34901315
17 0.24309209 0.36874992
18 0.22993422 0.393421
19 0.22828946 0.40986836
20 0.22993422 0.4394737
21 0.22171052 0.46578944
22 0.22335526 0.4921052
23 0.23157895 0.55625
24 0.22828946 0.58585525
25 0.21348684 0.62203944
26 0.24144739 0.65
27 0.26282895 0.6763158
28 0.29407895 0.69934213
29 0.3105263 0.7125
30 0.3450658 0.7338816
31 0.3368421 0.71743417
32 0.3631579 0.7486842
33 0.38125002 0.76348686
34 0.41907895 0.7552632
35 0.4355263 0.7470395
36 0.45526317 0.7470395
37 0.47993425 0.7453947
38 0.4881579 0.7404605
39 0.5506579 0.7273027
40 0.58848685 0.7157895
41 0.6312501 0.7273027
42 0.67236847 0.7240132
43 0.6838816 0.7075658
44 0.7299343 0.6582237
45 0.75625 0.63848686
46 0.7858553 0.6039474
47 0.80723685 0.5710526
48 0.8121711 0.5529605
49 0.825329 0.5167763
50 0.81875 0.46578944
51 0.80723685 0.4197368
52 0.8006579 0.40657896
53 0.7924343 0.36874992
54 0.7809211 0.33749998
55 0.75953954 0.28486836
56 0.75131583 0.23881578
57 0.7332237 0.18124998
58 0.6986842 0.14999998
59 0.65921056 0.14177626
60 0.6148027 0.14177626
61 0.58355266 0.13355261
62 0.5490132 0.118749976
63 0.4881579 0.10559207
64 0.40756577 0.117105186
65 0.32697368 0.14013153
66 0.28585526 0.17960519
67 0.26611844 0.24046046
68 0.45690787 0.4016447
69 0.49967107 0.39999998
70 0.5078948 0.39506578
71 0.4963816 0.36710525
72 0.47828946 0.3457237
73 0.4700658 0.3440789
74 0.44703948 0.36710525
75 0.4404605 0.39177626
76 0.4832237 0.41151315
77 0.4881579 0.41151315
78 0.47664472 0.40328944
79 0.37138158 0.52993417
80 0.37138158 0.5661184
81 0.3944079 0.5825658
82 0.45032895 0.59078944
83 0.47828946 0.57434213
84 0.44375 0.525
85 0.4256579 0.5924342
86 0.7233553 0.36546052
87 0.725 0.3753289
88 0.71513164 0.39671046
89 0.70855266 0.4148026
90 0.70032895 0.4394737
91 0.6871711 0.46085525
92 0.6756579 0.47894734
93 0.63947374 0.48881578
94 0.6263158 0.45427626
95 0.6542763 0.42631572
96 0.6608553 0.39999998
97 0.6625 0.36217105
98 0.669079 0.3391447
99 0.6855264 0.33256578
100 0.6986842 0.3358552
101 0.6559211 0.48552632
