reconstruct multiple
47 number of sample points
1 0.12796052 0.14835525
2 0.55230266 0.051315725
3 0.78914475 0.21578944
4 0.29078948 0.6648027
5 0.33026317 0.057894707
6 0.49473682 0.36052626
7 0.475 0.3884868
8 0.50131583 0.42631572
9 0.54078954 0.41315788
10 0.53092104 0.35888153
11 0.50625 0.34243417
12 0.5506579 0.38684207
13 0.6164474 0.7782895
14 0.15098684 0.13190788
15 0.2036184 0.09736836
16 0.26776314 0.06776309
17 0.32697368 0.06611842
18 0.3911184 0.048026264
19 0.48157892 0.052960515
20 0.5720395 0.07434207
21 0.6542763 0.112170994
22 0.7233553 0.16644734
23 0.7792764 0.20592105
24 0.84506583 0.268421
25 0.32532895 0.70098686
26 0.42401314 0.7042763
27 0.56546056 0.7404605
28 0.6131579 0.7338816
29 0.6855264 0.7207237
30 0.7743421 0.6417763
31 0.8203948 0.61217105
32 0.8351974 0.5595395
33 0.27269736 0.5924342
34 0.21019737 0.525
35 0.41743422 0.174671
36 0.4388158 0.1516447
37 0.45361844 0.1516447
38 0.4832237 0.20756572
39 0.4289474 0.3210526
40 0.38618422 0.36546052
41 0.38289472 0.32434207
42 0.3894737 0.2947368
43 0.4256579 0.20921052
44 0.7743421 0.28486836
45 0.6608553 0.2832237
46 0.14769736 0.19605255
47 0.27269736 0.237171
