reconstruct multiple
43 number of sample points
1 0.40756577 0.9289474
2 0.34671053 0.81875
3 0.35657895 0.78421056
4 0.35164472 0.70032895
5 0.30888155 0.5572369
6 0.34671053 0.48651317
7 0.33026317 0.34671053
8 0.32203948 0.21019737
9 0.29407895 0.11809211
10 0.49802628 0.8927632
11 0.4832237 0.7759869
12 0.4881579 0.68881583
13 0.47335526 0.6115132
14 0.47993425 0.4963816
15 0.47828946 0.34013158
16 0.45526317 0.19375
17 0.42730263 0.075328946
18 0.42730263 0.06052632
19 0.7875001 0.89111847
20 0.7759869 0.82861847
21 0.7825658 0.71513164
22 0.7924343 0.6361843
23 0.79572374 0.5095395
24 0.7792764 0.40592107
25 0.7694079 0.35328948
26 0.7792764 0.27434212
27 0.7759869 0.18881579
28 0.7611842 0.10164473
29 0.75625 0.062171057
30 0.8417764 0.8845395
31 0.87138164 0.8203948
32 0.85164475 0.76447374
33 0.8697369 0.67730266
34 0.85657895 0.60822374
35 0.8483553 0.53256583
36 0.85164475 0.47664472
37 0.85986847 0.3976974
38 0.85986847 0.32697368
39 0.80888164 0.13782893
40 0.8105263 0.0375
41 0.8417764 0.21348684
42 0.82861847 0.2792763
43 0.8006579 0.08684211
