reconstruct multiple
89 number of sample points
1 0.8288535 0.60820836
2 0.72313124 0.25985417
3 0.76704794 0.18609028
4 0.8308118 0.08719444
5 0.86645067 0.03365278
6 0.13247848 0.0
7 0.13995764 0.04327083
8 0.16908264 0.08703472
9 0.20999236 0.14975694
10 0.11415208 0.67670137
11 0.06579792 0.7429097
12 0.15592104 0.6246711
13 0.19210526 0.59013164
14 0.24473682 0.5736843
15 0.30888155 0.56381583
16 0.3680921 0.5605263
17 0.4388158 0.54736847
18 0.50625 0.5194079
19 0.5506579 0.48486844
20 0.5802632 0.43717107
21 0.5851974 0.38618422
22 0.5605263 0.34342104
23 0.4963816 0.30723685
24 0.42236844 0.2875
25 0.7825658 0.5572369
26 0.7233553 0.5046053
27 0.6641448 0.46184212
28 0.63782895 0.41578946
29 0.6296053 0.3680921
30 0.63947374 0.3138158
31 0.6756579 0.27269736
32 0.8006579 0.13125
33 0.62796056 0.8434211
34 0.62796056 0.81546056
35 0.62796056 0.7907895
36 0.6246711 0.75296056
37 0.6246711 0.7184211
38 0.6246711 0.69703954
39 0.6246711 0.65756583
40 0.6230264 0.6345395
41 0.6230264 0.606579
42 0.6180921 0.5720395
43 0.6180921 0.5358553
44 0.6131579 0.5144737
45 0.6131579 0.49144736
46 0.6131579 0.46184212
47 0.6115132 0.43717107
48 0.6115132 0.41578946
49 0.60822374 0.39276314
50 0.60822374 0.36644736
51 0.60822374 0.3368421
52 0.60822374 0.31217104
53 0.60822374 0.2825658
54 0.60822374 0.24967107
55 0.6098684 0.225
56 0.6098684 0.19703947
57 0.6098684 0.17072368
58 0.6098684 0.12631579
59 0.60822374 0.15098684
60 0.60822374 0.10657895
61 0.60822374 0.076973684
62 0.6098684 0.0506579
63 0.6164474 0.01118421
64 0.24309209 0.1805921
65 0.26776314 0.21348684
66 0.29901317 0.2348684
67 0.3286184 0.25460526
68 0.37796053 0.2792763
69 0.57039475 0.46019736
70 0.5851974 0.4125
71 0.5736843 0.36644736
72 0.6345395 0.33848685
73 0.6345395 0.39276314
74 0.6444079 0.4388158
75 0.68881583 0.48651317
76 0.75296056 0.53092104
77 0.80394745 0.5851974
78 0.6542763 0.29407895
79 0.70032895 0.26447368
80 0.74473685 0.23651314
81 0.7546053 0.21348684
82 0.78421056 0.15756579
83 0.8171053 0.10657895
84 0.85 0.057236843
85 0.53092104 0.32368422
86 0.46348685 0.29736844
87 0.53092104 0.5029605
88 0.47664472 0.5358553
89 0.4042763 0.5572369
