reconstruct multiple
137 number of sample points
1 0.4700658 0.5621711
2 0.44703948 0.5720395
3 0.4256579 0.57861847
4 0.3911184 0.575329
5 0.37302634 0.5621711
6 0.35493422 0.54407895
7 0.3368421 0.51611847
8 0.33355263 0.4832237
9 0.34342104 0.46348685
10 0.36480263 0.44210526
11 0.3894737 0.41907895
12 0.4289474 0.3976974
13 0.45197368 0.3894737
14 0.4881579 0.3894737
15 0.5292764 0.3944079
16 0.56546056 0.40756577
17 0.59506583 0.4289474
18 0.6312501 0.47335526
19 0.6115132 0.44703948
20 0.64605266 0.49967107
21 0.65098685 0.5424342
22 0.64276314 0.5917764
23 0.6493421 0.57039475
24 0.6263158 0.6197369
25 0.6 0.64769745
26 0.57039475 0.6657895
27 0.54572374 0.6740132
28 0.5177632 0.69046056
29 0.4930921 0.69539475
30 0.46019736 0.70197374
31 0.41414475 0.70197374
32 0.43717107 0.7069079
33 0.38453946 0.6986842
34 0.35822368 0.69539475
35 0.32368422 0.68223685
36 0.30230263 0.6707237
37 0.27269736 0.65263164
38 0.25460526 0.6263158
39 0.42236844 0.4930921
40 0.43717107 0.48486844
41 0.45690787 0.47171053
42 0.48157892 0.47171053
43 0.50625 0.48486844
44 0.5358553 0.5046053
45 0.54736847 0.53914475
46 0.54407895 0.5177632
47 0.5424342 0.5671053
48 0.53092104 0.5819079
49 0.51611847 0.59671056
50 0.49144736 0.6148027
51 0.46348685 0.6230264
52 0.4289474 0.6263158
53 0.3993421 0.6263158
54 0.36973685 0.6164474
55 0.33519736 0.6049342
56 0.30559212 0.59013164
57 0.2842105 0.57039475
58 0.2792763 0.5424342
59 0.27269736 0.50625
60 0.28092104 0.4388158
61 0.30065787 0.39605263
62 0.32697368 0.36644736
63 0.37467104 0.3368421
64 0.35328948 0.35328948
65 0.41085526 0.32697368
66 0.4404605 0.31710526
67 0.48486844 0.30230263
68 0.5194079 0.30559212
69 0.5572369 0.3138158
70 0.5983553 0.32532895
71 0.62796056 0.35493422
72 0.6625 0.38289472
73 0.68223685 0.41414475
74 0.27105263 0.475
75 0.24473682 0.59671056
76 0.21019737 0.575329
77 0.1805921 0.5819079
78 0.17236842 0.669079
79 0.19210526 0.6921053
80 0.21677631 0.7184211
81 0.25131577 0.7381579
82 0.15756579 0.6444079
83 0.28585526 0.75296056
84 0.32203948 0.75953954
85 0.36151317 0.7611842
86 0.41414475 0.75625
87 0.45526317 0.75625
88 0.4930921 0.7546053
89 0.5226974 0.7546053
90 0.5572369 0.7546053
91 0.5819079 0.75296056
92 0.6230264 0.75296056
93 0.65756583 0.75131583
94 0.69046056 0.75131583
95 0.72664475 0.75296056
96 0.75625 0.75296056
97 0.78914475 0.75296056
98 0.69539475 0.43223682
99 0.71513164 0.43717107
100 0.74473685 0.4256579
101 0.75953954 0.3911184
102 0.75789475 0.3680921
103 0.73980266 0.3417763
104 0.725 0.3138158
105 0.7134869 0.29407895
106 0.68881583 0.2694079
107 0.65098685 0.25460526
108 0.6098684 0.24309209
109 0.5621711 0.23980263
110 0.5177632 0.23651314
111 0.48157892 0.23651314
112 0.43388158 0.23651314
113 0.4042763 0.2348684
114 0.36480263 0.23157895
115 0.32368422 0.23157895
116 0.28585526 0.23157895
117 0.24144739 0.2348684
118 0.21019737 0.23980263
119 0.17072368 0.24473682
120 0.4930921 0.54736847
121 0.4930921 0.53092104
122 0.40921053 0.50625
123 0.41578946 0.5177632
124 0.4881579 0.5111842
125 0.6493421 0.5177632
126 0.54736847 0.3993421
127 0.5078948 0.3944079
128 0.40921053 0.40263158
129 0.2875 0.4125
130 0.64605266 0.36644736
131 0.6148027 0.33848685
132 0.45855263 0.23651314
133 0.50131583 0.23980263
134 0.53914475 0.23980263
135 0.22993422 0.5851974
136 0.16578947 0.5983553
137 0.15921052 0.6180921
