reconstruct multiple
116 number of sample points
1 0.43884957 0.42570892
2 0.43884957 0.37931007
3 0.43884957 0.34451583
4 0.43884957 0.30507976
5 0.43884957 0.2679607
6 0.4433738 0.25091052
7 0.47353405 0.25091052
8 0.48513082 0.25091052
9 0.50832826 0.25091052
10 0.53616756 0.25091052
11 0.55008525 0.25091052
12 0.5779246 0.25091052
13 0.6220025 0.25091052
14 0.62703246 0.26332277
15 0.62703246 0.2841993
16 0.62703246 0.30739677
17 0.62703246 0.33291516
18 0.62703246 0.36075446
19 0.62703246 0.40714937
20 0.62703246 0.43034685
21 0.601122 0.43909344
22 0.561686 0.43909344
23 0.5292087 0.43909344
24 0.49208966 0.43909344
25 0.4688922 0.43909344
26 0.45729542 0.43909344
27 0.0349487 0.66247046
28 0.06162676 0.6891454
29 0.08366494 0.7111863
30 0.11034261 0.7378612
31 0.13818035 0.7657005
32 0.16369873 0.79121894
33 0.19617596 0.82369614
34 0.22053389 0.84805405
35 0.25185066 0.87937087
36 0.27968997 0.9072102
37 0.3063649 0.9338851
38 0.32260352 0.95012367
39 0.3562412 0.98376137
40 0.39830008 0.98146397
41 0.37247983 1.0
42 0.4307773 0.94898677
43 0.4528143 0.92694974
44 0.47717223 0.9025918
45 0.48877293 0.89099115
46 0.52241063 0.85735345
47 0.5398097 0.8399544
48 0.5722869 0.8074771
49 0.58852553 0.79123855
50 0.611723 0.7680411
51 0.63376004 0.74600405
52 0.65580094 0.72396314
53 0.6894347 0.6903294
54 0.7126361 0.66712797
55 0.73815054 0.6416135
56 0.7524877 0.60201275
57 0.7524877 0.5625767
58 0.7524877 0.4953013
59 0.7524877 0.49298432
60 0.7524877 0.4396266
61 0.7524877 0.39786962
62 0.7524877 0.3677133
63 0.7524877 0.33291516
64 0.7524877 0.30043793
65 0.7524877 0.26563975
66 0.7524877 0.22388668
67 0.7524877 0.18676761
68 0.7524877 0.15196945
69 0.7524877 0.10093503
70 0.7524877 0.06613766
71 0.7524877 0.02438105
72 0.7524877 0.00582269
73 0.73567283 0.0
74 0.7147924 0.0
75 0.6823151 0.0
76 0.65679675 0.0
77 0.63127834 0.0
78 0.601122 0.0
79 0.55936503 0.0
80 0.51992893 0.0
81 0.46657518 0.0
82 0.0 0.5857742
83 0.0 0.5347374
84 0.0 0.49298432
85 0.0 0.465145
86 0.0 0.42802984
87 0.0 0.37931007
88 0.0 0.3421949
89 0.0 0.29347906
90 0.0 0.25404298
91 0.0 0.20532714
92 0.0 0.18444668
93 0.0 0.1566113
94 0.0 0.12645262
95 0.0 0.10557453
96 0.0 0.08469642
97 0.00121888 0.05453854
98 0.00121888 0.02902094
99 0.00493157 0.0
100 0.03044956 0.0
101 0.05364781 0.0
102 0.08844479 0.0
103 0.11164303 0.0
104 0.15107872 0.0
105 0.2183541 0.0
106 0.27634972 0.0
107 0.32274464 0.0
108 0.3575428 0.0
109 0.3876991 0.0
110 0.41785935 0.0
111 0.43641496 0.0
112 0.2438725 0.0
113 0.74638164 0.5276316
114 0.19046053 0.0013157893
115 0.01611842 0.64605266
116 0.02105263 0.6197369
