reconstruct multiple
20 number of sample points
1 0.37467104 0.2865131
2 0.31217104 0.2322368
3 0.32203948 0.15822363
4 0.3680921 0.118749976
5 0.43059212 0.11052632
6 0.48486844 0.1384868
7 0.49967107 0.19440788
8 0.48980263 0.237171
9 0.4404605 0.2815789
10 0.34013158 0.26184207
11 0.44210526 0.60065794
12 0.39605263 0.6203947
13 0.37138158 0.6713816
14 0.37796053 0.7355263
15 0.41578946 0.7651316
16 0.45690787 0.7601974
17 0.5029605 0.7404605
18 0.51611847 0.6911185
19 0.5095395 0.6351974
20 0.48157892 0.61217105
