reconstruct multiple
126 number of sample points
1 0.43388158 0.09342105
2 0.48486844 0.09177632
3 0.53421056 0.09342105
4 0.58355266 0.09177632
5 0.6361843 0.09177632
6 0.69703954 0.08848685
7 0.74638164 0.09013158
8 0.7480264 0.1493421
9 0.7480264 0.20197369
10 0.74473685 0.24473682
11 0.74473685 0.29572368
12 0.74473685 0.35328948
13 0.74473685 0.4042763
14 0.73980266 0.46184212
15 0.7414474 0.5177632
16 0.7414474 0.5605263
17 0.7414474 0.6164474
18 0.74473685 0.669079
19 0.74473685 0.72006583
20 0.7430922 0.7726974
21 0.7381579 0.87138164
22 0.6855264 0.87631583
23 0.6296053 0.8746711
24 0.19703947 0.87138164
25 0.13782893 0.762829
26 0.13782893 0.70032895
27 0.14276315 0.6444079
28 0.1444079 0.59342104
29 0.14111842 0.54078954
30 0.13782893 0.49144736
31 0.13618422 0.43059212
32 0.13125 0.37796053
33 0.13125 0.32203948
34 0.12796052 0.25953946
35 0.12796052 0.19868422
36 0.12631579 0.15592104
37 0.12796052 0.10164473
38 0.17236842 0.1
39 0.21842106 0.1
40 0.27598682 0.095065795
41 0.32532895 0.09671053
42 0.38453946 0.09177632
43 0.45197368 0.7809211
44 0.4256579 0.7546053
45 0.39276314 0.7332237
46 0.35328948 0.70361847
47 0.3286184 0.6871711
48 0.30065787 0.6608553
49 0.27105263 0.6345395
50 0.23651314 0.6
51 0.20855263 0.55230266
52 0.26282895 0.5490132
53 0.3105263 0.54572374
54 0.36480263 0.54572374
55 0.40098682 0.54736847
56 0.45361844 0.54572374
57 0.5029605 0.54572374
58 0.54736847 0.54407895
59 0.59671056 0.54407895
60 0.6213816 0.60164475
61 0.59671056 0.6312501
62 0.5720395 0.6559211
63 0.54572374 0.6855264
64 0.5177632 0.7184211
65 0.4832237 0.75296056
66 0.6361843 0.54078954
67 0.6707237 0.54078954
68 0.44539475 0.45361844
69 0.3976974 0.44210526
70 0.35493422 0.41907895
71 0.3286184 0.39276314
72 0.30723685 0.35822368
73 0.29407895 0.31710526
74 0.29572368 0.27434212
75 0.31217104 0.2348684
76 0.34835526 0.20032895
77 0.38125002 0.1805921
78 0.42072368 0.16085526
79 0.46513158 0.15098684
80 0.5111842 0.16085526
81 0.53421056 0.17730263
82 0.5671053 0.20197369
83 0.59342104 0.2348684
84 0.6115132 0.2842105
85 0.60164475 0.33026317
86 0.5851974 0.36973685
87 0.5588816 0.40098682
88 0.5177632 0.4355263
89 0.48651317 0.44703948
90 0.20526315 0.24144739
91 0.2069079 0.28585526
92 0.20526315 0.33355263
93 0.2069079 0.38125002
94 0.2069079 0.41743422
95 0.2069079 0.46348685
96 0.2069079 0.4881579
97 0.2381579 0.49144736
98 0.27105263 0.49144736
99 0.31217104 0.48980263
100 0.35493422 0.48980263
101 0.38618422 0.48980263
102 0.42072368 0.4881579
103 0.46184212 0.48980263
104 0.5029605 0.48980263
105 0.5424342 0.4881579
106 0.5851974 0.4881579
107 0.6213816 0.48651317
108 0.6608553 0.48157892
109 0.6641448 0.44539475
110 0.6641448 0.4125
111 0.6641448 0.37796053
112 0.6641448 0.34342104
113 0.6608553 0.30394736
114 0.6608553 0.25789475
115 0.6657895 0.21348684
116 0.2069079 0.20197369
117 0.13782893 0.8171053
118 0.13618422 0.8664474
119 0.24309209 0.8730263
120 0.29407895 0.87138164
121 0.3368421 0.8746711
122 0.38289472 0.87631583
123 0.41743422 0.8746711
124 0.4667763 0.87631583
125 0.5144737 0.8746711
126 0.56875 0.8746711
