reconstruct multiple
23 number of sample points
1 0.37631577 0.83848685
2 0.47993425 0.64605266
3 0.14111842 0.3976974
4 0.26611844 0.19210526
5 0.5588816 0.26118422
6 0.8121711 0.512829
7 0.7430922 0.6871711
8 0.40263158 0.54736847
9 0.19868422 0.54078954
10 0.20526315 0.6444079
11 0.22828946 0.7332237
12 0.30723685 0.40756577
13 0.30394736 0.37960526
14 0.36644736 0.33848685
15 0.45032895 0.58848685
16 0.43388158 0.41743422
17 0.45855263 0.45690787
18 0.52598685 0.52598685
19 0.5276316 0.5572369
20 0.5226974 0.6
21 0.6263158 0.7858553
22 0.49144736 0.7858553
23 0.44539475 0.22006579
