reconstruct network
108 number of sample points
1 0.24309209 0.32697368
2 0.24144739 0.34835526
3 0.23980263 0.3993421
4 0.24802631 0.45032895
5 0.25625 0.47335526
6 0.2694079 0.49802628
7 0.2875 0.52598685
8 0.3105263 0.56381583
9 0.31875 0.58848685
10 0.31875 0.6131579
11 0.31710526 0.64276314
12 0.31710526 0.6805922
13 0.2792763 0.7052632
14 0.24473682 0.7052632
15 0.2036184 0.70855266
16 0.31217104 0.7101974
17 0.33026317 0.7101974
18 0.35 0.70855266
19 0.37302634 0.70855266
20 0.39276314 0.7101974
21 0.41743422 0.71513164
22 0.35328948 0.69046056
23 0.35822368 0.6493421
24 0.3598684 0.59506583
25 0.35822368 0.5720395
26 0.34342104 0.53092104
27 0.3319079 0.5078948
28 0.3105263 0.47335526
29 0.29736844 0.4486842
30 0.28914475 0.42730263
31 0.29078948 0.4042763
32 0.29078948 0.36973685
33 0.29078948 0.35
34 0.29407895 0.32368422
35 0.2694079 0.32532895
36 0.31875 0.31875
37 0.34013158 0.30888155
38 0.37467104 0.30394736
39 0.41414475 0.30065787
40 0.4388158 0.30065787
41 0.47828946 0.30065787
42 0.22171052 0.32039472
43 0.19539472 0.3138158
44 0.16907895 0.30888155
45 0.13618422 0.30394736
46 0.11151316 0.30394736
47 0.08026316 0.30394736
48 0.22335526 0.7069079
49 0.35822368 0.6213816
50 0.23980263 0.42730263
51 0.24309209 0.36644736
52 0.48157892 0.32039472
53 0.48157892 0.3368421
54 0.47993425 0.3598684
55 0.47993425 0.38453946
56 0.47993425 0.40098682
57 0.47993425 0.42730263
58 0.47828946 0.44539475
59 0.47828946 0.475
60 0.47828946 0.49802628
61 0.47993425 0.5276316
62 0.47894737 0.5477924
63 0.4796053 0.56914645
64 0.4796053 0.5967812
65 0.47894737 0.62441593
66 0.47894737 0.6533068
67 0.4796053 0.6821976
68 0.48092106 0.7098323
69 0.47039476 0.7173691
70 0.45131576 0.7186252
71 0.43289474 0.7173691
72 0.4967105 0.7136007
73 0.51052636 0.7136007
74 0.5256579 0.7136007
75 0.54210526 0.7123446
76 0.5605263 0.7098323
77 0.58355266 0.7110885
78 0.5736843 0.7098323
79 0.49736843 0.60431796
80 0.4967105 0.57793933
81 0.49605265 0.55407304
82 0.49736843 0.5302067
83 0.4986842 0.5101087
84 0.4993421 0.49377903
85 0.5006579 0.47242495
86 0.5006579 0.44604635
87 0.5006579 0.42971674
88 0.5006579 0.40333813
89 0.50000006 0.3895208
90 0.50000006 0.36565444
91 0.4986842 0.34555647
92 0.4986842 0.31917787
93 0.4986842 0.2990799
94 0.5111842 0.2990799
95 0.53092104 0.300336
96 0.5506579 0.300336
97 0.5717105 0.2978238
98 0.58618426 0.29531154
99 0.49802628 0.62441593
100 0.49802628 0.6495384
101 0.49802628 0.675917
102 0.4986842 0.69601494
103 0.50131583 0.4158994
104 0.47894737 0.6394894
105 0.48289475 0.300336
106 0.45657897 0.300336
107 0.4796053 0.665868
108 0.47993425 0.69703954
