reconstruct single
60 number of sample points
3793 0.4404605 0.44210526
3794 0.4125 0.45361844
3795 0.40263158 0.48486844
3796 0.41414475 0.5095395
3797 0.44210526 0.5226974
3798 0.47171053 0.5078948
3799 0.4832237 0.4832237
3800 0.4700658 0.45361844
3801 0.51611847 0.4832237
3802 0.54736847 0.4832237
3803 0.44539475 0.5506579
3804 0.44210526 0.5819079
3805 0.44210526 0.41085526
3806 0.44210526 0.37960526
3807 0.37960526 0.48486844
3808 0.35328948 0.4832237
3809 0.3319079 0.4832237
3810 0.3105263 0.48157892
3811 0.3105263 0.46184212
3812 0.3105263 0.44210526
3813 0.3105263 0.42236844
3814 0.3105263 0.3993421
3815 0.31217104 0.37796053
3816 0.31217104 0.35822368
3817 0.31217104 0.34342104
3818 0.3319079 0.3417763
3819 0.35 0.3417763
3820 0.36973685 0.3417763
3821 0.3911184 0.3417763
3822 0.41085526 0.3417763
3823 0.47993425 0.3417763
3824 0.5029605 0.3417763
3825 0.5276316 0.3417763
3826 0.5490132 0.34342104
3827 0.5736843 0.34342104
3828 0.5736843 0.3598684
3829 0.5736843 0.38289472
3830 0.5720395 0.40756577
3831 0.57039475 0.43388158
3832 0.56875 0.45690787
3833 0.56875 0.49473682
3834 0.56875 0.5194079
3835 0.56875 0.5490132
3836 0.5671053 0.5802632
3837 0.54407895 0.5819079
3838 0.5194079 0.5819079
3839 0.48980263 0.58355266
3840 0.46842104 0.58355266
3841 0.42072368 0.58355266
3842 0.39605263 0.5819079
3843 0.37138158 0.5802632
3844 0.34342104 0.5819079
3845 0.31710526 0.5819079
3846 0.31217104 0.5572369
3847 0.31217104 0.5358553
3848 0.3105263 0.5111842
3849 0.56875 0.475
3850 0.43059212 0.34013158
3851 0.46019736 0.34013158
3852 0.44375 0.34835526
