reconstruct network
231 number of sample points
24410 0.46184212 0.1082237
24411 0.46184212 0.13782893
24412 0.46019736 0.16907895
24413 0.46019736 0.2069079
24414 0.46019736 0.2529605
24415 0.46019736 0.29078948
24416 0.45855263 0.3319079
24417 0.45855263 0.38453946
24418 0.45855263 0.4256579
24419 0.45526317 0.46019736
24420 0.45526317 0.5046053
24421 0.45526317 0.55230266
24422 0.45526317 0.5983553
24423 0.45526317 0.65098685
24424 0.45526317 0.69046056
24425 0.45361844 0.731579
24426 0.45361844 0.7809211
24427 0.45361844 0.84506583
24428 0.45361844 0.8894737
24429 0.45361844 0.9437501
24430 0.49473682 0.94539475
24431 0.49473682 0.9125
24432 0.49473682 0.8730263
24433 0.49473682 0.8236842
24434 0.49473682 0.7776316
24435 0.49473682 0.73486847
24436 0.49802628 0.6986842
24437 0.50131583 0.65098685
24438 0.50131583 0.6
24439 0.5046053 0.55230266
24440 0.5046053 0.50625
24441 0.5046053 0.45690787
24442 0.50625 0.4042763
24443 0.5095395 0.3680921
24444 0.5095395 0.32039472
24445 0.5111842 0.27598682
24446 0.5144737 0.2348684
24447 0.5144737 0.17565788
24448 0.5144737 0.12960525
24449 0.59342104 0.5983553
24450 0.64276314 0.60164475
24451 0.69375 0.6
24452 0.7381579 0.60164475
24453 0.7875001 0.60164475
24454 0.8351974 0.6049342
24455 0.8845395 0.606579
24456 0.9338816 0.6049342
24457 0.9338816 0.5671053
24458 0.8976974 0.5671053
24459 0.8680921 0.5671053
24460 0.82861847 0.56875
24461 0.78914475 0.5671053
24462 0.73980266 0.5621711
24463 0.70032895 0.56381583
24464 0.6674342 0.5621711
24465 0.6230264 0.5605263
24466 0.56875 0.5572369
24467 0.53421056 0.5539474
24468 0.41578946 0.5555921
24469 0.36644736 0.55230266
24470 0.32532895 0.5506579
24471 0.28092104 0.55230266
24472 0.22828946 0.5539474
24473 0.17730263 0.55230266
24474 0.11809211 0.54736847
24475 0.3993421 0.59671056
24476 0.34671053 0.59671056
24477 0.28914475 0.5983553
24478 0.22171052 0.59671056
24479 0.17401317 0.59671056
24480 0.109868415 0.59671056
24481 0.055592112 0.59506583
24482 0.25460526 0.606579
24483 0.2792763 0.6148027
24484 0.3138158 0.6345395
24485 0.33848685 0.65756583
24486 0.36644736 0.69046056
24487 0.38125002 0.7101974
24488 0.3976974 0.74473685
24489 0.42236844 0.78914475
24490 0.43223682 0.8220395
24491 0.5243422 0.37796053
24492 0.5424342 0.40756577
24493 0.56381583 0.43388158
24494 0.59342104 0.46513158
24495 0.6345395 0.48980263
24496 0.6740132 0.5095395
24497 0.7167763 0.5276316
24498 0.72664475 0.6263158
24499 0.6805922 0.6361843
24500 0.6312501 0.6608553
24501 0.5917764 0.6871711
24502 0.56875 0.72006583
24503 0.5375 0.7546053
24504 0.5226974 0.79901314
24505 0.5111842 0.8401316
24506 0.23980263 0.53256583
24507 0.2792763 0.51611847
24508 0.31710526 0.49802628
24509 0.35493422 0.4700658
24510 0.39276314 0.4388158
24511 0.41085526 0.4042763
24512 0.025986841 0.59671056
24513 0.073684216 0.55230266
24514 0.035855263 0.5539474
24515 0.13947368 0.59342104
24516 0.19703947 0.59506583
24517 0.25625 0.59506583
24518 0.32039472 0.59671056
24519 0.37138158 0.59506583
24520 0.42401314 0.59506583
24521 0.47828946 0.5983553
24522 0.5276316 0.60164475
24523 0.5621711 0.60164475
24524 0.6164474 0.6
24525 0.6707237 0.60164475
24526 0.71513164 0.6
24527 0.762829 0.60164475
24528 0.8121711 0.60164475
24529 0.85822374 0.6049342
24530 0.91085535 0.6049342
24531 0.9174342 0.5671053
24532 0.8828948 0.5671053
24533 0.84671056 0.56546056
24534 0.80888164 0.5671053
24535 0.76447374 0.56381583
24536 0.725 0.5605263
24537 0.6871711 0.5621711
24538 0.64605266 0.5621711
24539 0.59506583 0.5572369
24540 0.5539474 0.5539474
24541 0.47993425 0.55230266
24542 0.43388158 0.5539474
24543 0.3944079 0.55230266
24544 0.30559212 0.5506579
24545 0.3450658 0.55230266
24546 0.2529605 0.55230266
24547 0.2069079 0.5506579
24548 0.15263158 0.54736847
24549 0.09835526 0.55230266
24550 0.05888158 0.55230266
24551 0.083552636 0.59671056
24552 0.22171052 0.53914475
24553 0.25625 0.52598685
24554 0.29572368 0.50625
24555 0.3368421 0.48157892
24556 0.37631577 0.45361844
24557 0.40263158 0.41578946
24558 0.42236844 0.3894737
24559 0.43388158 0.37467104
24560 0.44210526 0.35822368
24561 0.5226974 0.36151317
24562 0.53256583 0.3911184
24563 0.55230266 0.42401314
24564 0.5769737 0.4486842
24565 0.6131579 0.47664472
24566 0.6542763 0.5029605
24567 0.69046056 0.5177632
24568 0.73486847 0.53256583
24569 0.75953954 0.54407895
24570 0.78421056 0.5539474
24571 0.74967104 0.6115132
24572 0.70197374 0.62796056
24573 0.6559211 0.64605266
24574 0.606579 0.67730266
24575 0.5802632 0.70197374
24576 0.55230266 0.731579
24577 0.52598685 0.7710527
24578 0.5177632 0.81381583
24579 0.5078948 0.85822374
24580 0.4404605 0.8417764
24581 0.4289474 0.8055921
24582 0.40921053 0.76447374
24583 0.3894737 0.7299343
24584 0.35493422 0.6707237
24585 0.32697368 0.64276314
24586 0.44703948 0.8631579
24587 0.45361844 0.6197369
24588 0.45361844 0.6674342
24589 0.45526317 0.7052632
24590 0.45361844 0.74967104
24591 0.45361844 0.80723685
24592 0.45361844 0.825329
24593 0.45361844 0.90098685
24594 0.45526317 0.919079
24595 0.49473682 0.8976974
24596 0.4963816 0.85
24597 0.4963816 0.79736847
24598 0.4930921 0.75296056
24599 0.49802628 0.71513164
24600 0.49967107 0.6707237
24601 0.5029605 0.6296053
24602 0.5046053 0.6115132
24603 0.5029605 0.53914475
24604 0.5029605 0.5243422
24605 0.5029605 0.4881579
24606 0.5029605 0.47335526
24607 0.50625 0.4355263
24608 0.5046053 0.41743422
24609 0.5078948 0.38618422
24610 0.5078948 0.34835526
24611 0.5078948 0.33026317
24612 0.5095395 0.30394736
24613 0.5111842 0.2875
24614 0.5029605 0.5588816
24615 0.5029605 0.5769737
24616 0.45361844 0.5819079
24617 0.45361844 0.56546056
24618 0.45361844 0.5375
24619 0.45361844 0.5226974
24620 0.45361844 0.4832237
24621 0.45855263 0.4388158
24622 0.45855263 0.40921053
24623 0.45855263 0.3944079
24624 0.45690787 0.37467104
24625 0.45690787 0.35493422
24626 0.45855263 0.31875
24627 0.45855263 0.26611844
24628 0.46019736 0.225
24629 0.46019736 0.18717104
24630 0.45855263 0.1493421
24631 0.5144737 0.25460526
24632 0.51611847 0.21348684
24633 0.51611847 0.19375
24634 0.5144737 0.15921052
24635 0.5144737 0.14276315
24636 0.7743421 0.54736847
24637 0.80230266 0.5572369
24638 0.73980266 0.6213816
24639 0.5144737 0.8236842
24640 0.29736844 0.6263158
