reconstruct network
201 number of sample points
1 0.007894738 0.124671064
2 0.025986841 0.10657895
3 0.04901316 0.08519737
4 0.063815795 0.063815795
5 0.08848685 0.040789478
6 0.10493421 0.029276317
7 0.12960525 0.0013157893
8 0.07861843 0.08684211
9 0.08848685 0.10164473
10 0.12796052 0.13453947
11 0.10493421 0.124671064
12 0.15427631 0.14769736
13 0.19375 0.15592104
14 0.20855263 0.16414474
15 0.22828946 0.17730263
16 0.25789475 0.19539472
17 0.27763158 0.20855263
18 0.30559212 0.22335526
19 0.3319079 0.24144739
20 0.3598684 0.25789475
21 0.38453946 0.2825658
22 0.40921053 0.2924342
23 0.4289474 0.30888155
24 0.45526317 0.32697368
25 0.47335526 0.35493422
26 0.4881579 0.38618422
27 0.5029605 0.40592107
28 0.5194079 0.38618422
29 0.53256583 0.36480263
30 0.5490132 0.35
31 0.5736843 0.31710526
32 0.58355266 0.30723685
33 0.60328954 0.2875
34 0.6230264 0.27269736
35 0.64276314 0.2529605
36 0.6657895 0.23157895
37 0.6871711 0.21348684
38 0.7069079 0.18717104
39 0.7282895 0.16907895
40 0.74967104 0.15427631
41 0.7694079 0.13289474
42 0.7907895 0.11809211
43 0.80723685 0.012828948
44 0.80888164 0.03914474
45 0.80888164 0.065460525
46 0.80888164 0.10164473
47 0.81381583 0.13947368
48 0.8236842 0.16907895
49 0.83848685 0.20855263
50 0.8549343 0.23980263
51 0.87796056 0.30723685
52 0.8828948 0.3368421
53 0.87138164 0.2792763
54 0.8631579 0.25625
55 0.84671056 0.22664472
56 0.8319079 0.19375
57 0.8828948 0.36151317
58 0.87796056 0.3911184
59 0.87138164 0.4355263
60 0.87138164 0.41578946
61 0.8730263 0.47171053
62 0.8828948 0.5095395
63 0.88125 0.49473682
64 0.8944079 0.53421056
65 0.90263164 0.5736843
66 0.90921056 0.5375
67 0.9322369 0.5292764
68 0.95032895 0.52105266
69 0.97664475 0.5144737
70 0.8993422 0.5588816
71 0.90756583 0.6
72 0.90921056 0.6246711
73 0.91414475 0.6625
74 0.48980263 0.4256579
75 0.475 0.44539475
76 0.45361844 0.46842104
77 0.42401314 0.49967107
78 0.48157892 0.4700658
79 0.49802628 0.48486844
80 0.52105266 0.5095395
81 0.5424342 0.5292764
82 0.56875 0.5506579
83 0.58355266 0.575329
84 0.6115132 0.6131579
85 0.6 0.59671056
86 0.6312501 0.63947374
87 0.65098685 0.6625
88 0.6707237 0.6789474
89 0.7052632 0.69703954
90 0.69375 0.69046056
91 0.7299343 0.7069079
92 0.75625 0.7167763
93 0.7759869 0.73486847
94 0.78421056 0.7069079
95 0.80723685 0.69703954
96 0.825329 0.69046056
97 0.85328954 0.6789474
98 0.8828948 0.6674342
99 0.79901314 0.74638164
100 0.81875 0.76447374
101 0.8401316 0.7776316
102 0.85657895 0.7858553
103 0.87796056 0.7858553
104 0.9042764 0.7809211
105 0.9289474 0.7792764
106 0.9273027 0.7546053
107 0.9273027 0.73486847
108 0.9223684 0.7167763
109 0.92072374 0.6921053
110 0.9338816 0.8121711
111 0.9338816 0.8401316
112 0.9305921 0.8006579
113 0.9486843 0.7759869
114 0.9667763 0.7743421
115 0.99144745 0.7710527
116 0.9371711 0.8631579
117 0.9486843 0.8861843
118 0.95361847 0.9042764
119 0.9667763 0.9289474
120 0.9782895 0.94046056
121 0.99144745 0.95032895
122 0.40592107 0.5177632
123 0.3894737 0.53421056
124 0.36973685 0.5539474
125 0.35328948 0.57039475
126 0.34013158 0.59342104
127 0.33026317 0.6180921
128 0.31546053 0.64276314
129 0.29901317 0.67236847
130 0.28092104 0.69703954
131 0.26118422 0.7167763
132 0.24309209 0.7414474
133 0.21677631 0.762829
134 0.18717104 0.78421056
135 0.16414474 0.8055921
136 0.14111842 0.8302632
137 0.11315789 0.85986847
138 0.09671053 0.8746711
139 0.073684216 0.8993422
140 0.03914474 0.9338816
141 0.017763158 0.95032895
142 0.0046052616 0.9667763
143 0.27598682 0.6542763
144 0.24967107 0.63289475
145 0.22993422 0.6131579
146 0.21677631 0.58355266
147 0.2069079 0.5588816
148 0.19210526 0.5292764
149 0.17236842 0.512829
150 0.14111842 0.48980263
151 0.11315789 0.46513158
152 0.09177632 0.45361844
153 0.07203948 0.44539475
154 0.044078946 0.43388158
155 0.027631579 0.41578946
156 0.009539472 0.3911184
157 0.10328948 0.475
158 0.09177632 0.48651317
159 0.076973684 0.4963816
160 0.053947374 0.512829
161 0.044078946 0.53092104
162 0.044078946 0.5588816
163 0.04572369 0.5851974
164 0.04572369 0.6230264
165 0.04572369 0.63782895
166 0.04901316 0.67730266
167 0.053947374 0.7134869
168 0.055592112 0.7299343
169 0.075328946 0.7414474
170 0.1082237 0.75625
171 0.12960525 0.7710527
172 0.1493421 0.79572374
173 0.0375 0.72664475
174 0.007894738 0.7282895
175 0.20855263 0.7924343
176 0.23322368 0.80230266
177 0.26282895 0.8105263
178 0.28585526 0.825329
179 0.2842105 0.7282895
180 0.3105263 0.7365132
181 0.3319079 0.75131583
182 0.35164472 0.7677632
183 0.7299343 0.7365132
184 0.70032895 0.7480264
185 0.6805922 0.762829
186 0.65098685 0.7875001
187 0.6312501 0.8055921
188 0.6115132 0.8302632
189 0.6164474 0.85
190 0.6312501 0.8828948
191 0.64605266 0.9240132
192 0.64111847 0.9042764
193 0.6263158 0.94046056
194 0.606579 0.95855266
195 0.5917764 0.9733553
196 0.575329 0.9930922
197 0.7430922 0.7282895
198 0.5621711 0.3319079
199 0.15756579 0.50131583
200 0.12796052 0.47664472
201 0.91085535 0.64769745
