reconstruct network
78 number of sample points
1 0.44210526 0.83355266
2 0.44210526 0.79407895
3 0.44210526 0.7546053
4 0.44210526 0.7101974
5 0.4404605 0.6805922
6 0.4404605 0.65098685
7 0.4404605 0.6180921
8 0.45690787 0.5424342
9 0.475 0.5243422
10 0.49144736 0.5029605
11 0.512829 0.47828946
12 0.5358553 0.45526317
13 0.5506579 0.43388158
14 0.5720395 0.4125
15 0.59013164 0.3911184
16 0.42236844 0.5424342
17 0.39605263 0.5078948
18 0.38125002 0.47828946
19 0.36151317 0.45690787
20 0.33519736 0.41578946
21 0.31875 0.38453946
22 0.34835526 0.4289474
23 0.41907895 0.5621711
24 0.38618422 0.5621711
25 0.34835526 0.5621711
26 0.31217104 0.56381583
27 0.2694079 0.56381583
28 0.46019736 0.5621711
29 0.48651317 0.56381583
30 0.512829 0.56381583
31 0.54736847 0.5621711
32 0.5819079 0.5621711
33 0.6164474 0.5605263
34 0.47828946 0.59671056
35 0.512829 0.6131579
36 0.5555921 0.6312501
37 0.53092104 0.6263158
38 0.5802632 0.6345395
39 0.6197369 0.6312501
40 0.6559211 0.63289475
41 0.68881583 0.6361843
42 0.73486847 0.63289475
43 0.63947374 0.5572369
44 0.6641448 0.55230266
45 0.68881583 0.5358553
46 0.69375 0.4930921
47 0.69375 0.45690787
48 0.69375 0.41743422
49 0.69375 0.37960526
50 0.69046056 0.3450658
51 0.6740132 0.3450658
52 0.65263164 0.35
53 0.6312501 0.3598684
54 0.6098684 0.37960526
55 0.30065787 0.3631579
56 0.26776314 0.36151317
57 0.23322368 0.37467104
58 0.21513158 0.41085526
59 0.21019737 0.43388158
60 0.21019737 0.46348685
61 0.21019737 0.48486844
62 0.21184209 0.51611847
63 0.225 0.5539474
64 0.46184212 0.85328954
65 0.50625 0.85822374
66 0.5375 0.85986847
67 0.5851974 0.85986847
68 0.6197369 0.85822374
69 0.64769745 0.85986847
70 0.6838816 0.8631579
71 0.7184211 0.85822374
72 0.7299343 0.8236842
73 0.73486847 0.7726974
74 0.73486847 0.7233553
75 0.7332237 0.6805922
76 0.44210526 0.56381583
77 0.4404605 0.5868421
78 0.46019736 0.5819079
