reconstruct network
72 number of sample points
1 0.5 0.5
2 0.0 0.0
3 0.0 1.0
4 1.0 1.0
5 1.0 0.0
6 0.0062499996 0.8769737
7 0.007894738 0.6023026
8 0.0062499996 0.40328944
9 0.0062499996 0.23881572
10 0.0062499996 0.09078944
11 0.29901317 0.018420935
12 0.29572368 0.12203938
13 0.30394736 0.21249992
14 0.3631579 0.2815789
15 0.43717107 0.35559207
16 0.48486844 0.4197368
17 0.50131583 0.55625
18 0.50625 0.6648027
19 0.50953954 0.7601974
20 0.55888164 0.8226974
21 0.6444079 0.8967105
22 0.7282895 0.94769734
23 0.81710535 0.9953947
24 0.9355264 1.0052632
25 0.19868422 0.008552551
26 1.0046053 0.03486836
27 1.0046053 0.17302626
28 1.0078948 0.2503289
29 1.0095396 0.3802631
30 1.0095396 0.50690794
31 1.0078948 0.67960525
32 1.0095396 0.81776315
33 1.0078948 0.9263158
34 0.085197374 0.60394734
35 0.19046053 0.6154605
36 0.2825658 0.61710525
37 0.37467104 0.62368417
38 0.45526317 0.62368417
39 0.5605263 0.6286184
40 0.62796056 0.6335527
41 0.7282895 0.63026315
42 0.8105264 0.6286184
43 0.88125 0.6286184
44 0.96019745 0.6286184
45 0.39605266 0.021710515
46 0.51447374 0.023355126
47 0.59506583 0.026644647
48 0.6674342 0.020065784
49 0.738158 0.016776323
50 0.81710535 0.018420935
51 0.9059211 0.013486743
52 0.9421053 0.24868417
53 0.8401316 0.24868417
54 0.75460535 0.24539465
55 0.6822369 0.24046046
56 0.6773027 0.174671
57 0.6674342 0.09572363
58 0.06546053 0.20756572
59 0.20526317 0.21085519
60 0.39276317 0.22072363
61 0.53421056 0.22401309
62 0.4930921 0.8161184
63 0.45855263 0.88684213
64 0.38453948 0.99210525
65 0.25296053 0.9970395
66 0.114802636 0.9888158
67 0.014473686 0.7223684
68 1.0078948 0.60723686
69 0.6871711 0.3111841
70 0.6921053 0.4065789
71 0.6921053 0.4773026
72 0.6921053 0.5825658
