reconstruct network
108 number of sample points
1 0.46184212 0.1082237
2 0.46184212 0.13782893
3 0.46019736 0.16907895
4 0.46019736 0.2069079
5 0.46019736 0.2529605
6 0.46019736 0.29078948
7 0.45855263 0.3319079
8 0.45855263 0.38453946
9 0.45855263 0.4256579
10 0.45526317 0.46019736
11 0.45526317 0.5046053
12 0.45526317 0.55230266
13 0.45526317 0.5983553
14 0.45526317 0.65098685
15 0.45526317 0.69046056
16 0.45361844 0.731579
17 0.45361844 0.7809211
18 0.45361844 0.84506583
19 0.45361844 0.8894737
20 0.45361844 0.9437501
21 0.49473682 0.94539475
22 0.49473682 0.9125
23 0.49473682 0.8730263
24 0.49473682 0.8236842
25 0.49473682 0.7776316
26 0.49473682 0.73486847
27 0.49802628 0.6986842
28 0.50131583 0.65098685
29 0.50131583 0.6
30 0.5046053 0.55230266
31 0.5046053 0.50625
32 0.5046053 0.45690787
33 0.50625 0.4042763
34 0.5095395 0.3680921
35 0.5095395 0.32039472
36 0.5111842 0.27598682
37 0.5144737 0.2348684
38 0.5144737 0.17565788
39 0.5144737 0.12960525
40 0.5506579 0.59671056
41 0.59342104 0.5983553
42 0.64276314 0.60164475
43 0.69375 0.6
44 0.7381579 0.60164475
45 0.7875001 0.60164475
46 0.8351974 0.6049342
47 0.8845395 0.606579
48 0.9338816 0.6049342
49 0.9338816 0.5671053
50 0.8976974 0.5671053
51 0.8680921 0.5671053
52 0.82861847 0.56875
53 0.78914475 0.5671053
54 0.73980266 0.5621711
55 0.70032895 0.56381583
56 0.6674342 0.5621711
57 0.6230264 0.5605263
58 0.56875 0.5572369
59 0.53421056 0.5539474
60 0.41578946 0.5555921
61 0.36644736 0.55230266
62 0.32532895 0.5506579
63 0.28092104 0.55230266
64 0.22828946 0.5539474
65 0.17730263 0.55230266
66 0.11809211 0.54736847
67 0.3993421 0.59671056
68 0.34671053 0.59671056
69 0.28914475 0.5983553
70 0.22171052 0.59671056
71 0.17401317 0.59671056
72 0.109868415 0.59671056
73 0.055592112 0.59506583
74 0.25460526 0.606579
75 0.2792763 0.6148027
76 0.3138158 0.6345395
77 0.33848685 0.65756583
78 0.36644736 0.69046056
79 0.38125002 0.7101974
80 0.3976974 0.74473685
81 0.42236844 0.78914475
82 0.43223682 0.8220395
83 0.52598685 0.3450658
84 0.5243422 0.37796053
85 0.5424342 0.40756577
86 0.56381583 0.43388158
87 0.59342104 0.46513158
88 0.6345395 0.48980263
89 0.6740132 0.5095395
90 0.7167763 0.5276316
91 0.72664475 0.6263158
92 0.6805922 0.6361843
93 0.6312501 0.6608553
94 0.5917764 0.6871711
95 0.56875 0.72006583
96 0.5375 0.7546053
97 0.5226974 0.79901314
98 0.5111842 0.8401316
99 0.23980263 0.53256583
100 0.2792763 0.51611847
101 0.31710526 0.49802628
102 0.35493422 0.4700658
103 0.39276314 0.4388158
104 0.41085526 0.4042763
105 0.4355263 0.37796053
106 0.025986841 0.59671056
107 0.073684216 0.55230266
108 0.035855263 0.5539474
