reconstruct single
318 number of sample points
1 0.0013157893 0.2069079
2 0.040789478 0.18552631
3 0.08026316 0.16907895
4 0.11973684 0.15756579
5 0.17894736 0.15427631
6 0.22828946 0.15427631
7 0.28092104 0.15427631
8 0.3368421 0.15263158
9 0.3911184 0.1493421
10 0.44539475 0.15263158
11 0.4963816 0.15263158
12 0.5555921 0.14769736
13 0.5983553 0.14605263
14 0.64111847 0.14605263
15 0.70197374 0.1493421
16 0.762829 0.15263158
17 0.8105263 0.17236842
18 0.85164475 0.20855263
19 0.85986847 0.25789475
20 0.8615132 0.29572368
21 0.8664474 0.36480263
22 0.8697369 0.3993421
23 0.8894737 0.4486842
24 0.9256579 0.4700658
25 0.95361847 0.475
26 0.9832237 0.475
27 0.8401316 0.35328948
28 0.80888164 0.37467104
29 0.7759869 0.39605263
30 0.72664475 0.41414475
31 0.6740132 0.4355263
32 0.6213816 0.44375
33 0.5736843 0.40921053
34 0.5588816 0.38453946
35 0.54736847 0.34342104
36 0.5226974 0.30394736
37 0.5046053 0.2825658
38 0.47335526 0.27434212
39 0.46019736 0.23980263
40 0.45032895 0.19046053
41 0.5276316 0.28092104
42 0.5588816 0.26118422
43 0.60822374 0.24967107
44 0.6444079 0.24967107
45 0.69539475 0.25131577
46 0.7282895 0.25131577
47 0.6493421 0.26776314
48 0.64605266 0.30559212
49 0.62796056 0.35
50 0.58848685 0.36973685
51 0.7381579 0.4486842
52 0.7480264 0.4881579
53 0.75789475 0.5194079
54 0.7924343 0.5424342
55 0.8269737 0.52598685
56 0.84506583 0.4963816
57 0.83355266 0.45855263
58 0.72664475 0.5111842
59 0.7052632 0.53256583
60 0.6657895 0.5424342
61 0.62796056 0.5375
62 0.65263164 0.56381583
63 0.65263164 0.606579
64 0.65921056 0.65098685
65 0.6838816 0.6674342
66 0.7167763 0.669079
67 0.7480264 0.65921056
68 0.75296056 0.6246711
69 0.73980266 0.59013164
70 0.7233553 0.5605263
71 0.7282895 0.69539475
72 0.75131583 0.72664475
73 0.7710527 0.7546053
74 0.80723685 0.7677632
75 0.8302632 0.75953954
76 0.8746711 0.7430922
77 0.9355264 0.7233553
78 0.97006583 0.7184211
79 0.9042764 0.73486847
80 0.73980266 0.7710527
81 0.7052632 0.7858553
82 0.6625 0.8105263
83 0.84671056 0.78421056
84 0.85 0.81875
85 0.8697369 0.8269737
86 0.90592104 0.8269737
87 0.95855266 0.85328954
88 0.9322369 0.8434211
89 0.9832237 0.8697369
90 0.06052632 0.22171052
91 0.08026316 0.24144739
92 0.09671053 0.27434212
93 0.05230263 0.26118422
94 0.030921055 0.28092104
95 0.114802636 0.3105263
96 0.1493421 0.3319079
97 0.17401317 0.35657895
98 0.19046053 0.37467104
99 0.21348684 0.3911184
100 0.2381579 0.4256579
101 0.21184209 0.4486842
102 0.18552631 0.43059212
103 0.08026316 0.43388158
104 0.109868415 0.40263158
105 0.13947368 0.37796053
106 0.2036184 0.34013158
107 0.23980263 0.32368422
108 0.26776314 0.31546053
109 0.30723685 0.32697368
110 0.34671053 0.35
111 0.3631579 0.37631577
112 0.37796053 0.3911184
113 0.3993421 0.4289474
114 0.41743422 0.475
115 0.43059212 0.5144737
116 0.44703948 0.56381583
117 0.4700658 0.5819079
118 0.49473682 0.6230264
119 0.5111842 0.64769745
120 0.54078954 0.6921053
121 0.5276316 0.6756579
122 0.52105266 0.725
123 0.48486844 0.76447374
124 0.4486842 0.79901314
125 0.41578946 0.81875
126 0.37467104 0.8236842
127 0.34013158 0.8236842
128 0.073684216 0.4700658
129 0.0819079 0.5078948
130 0.09671053 0.5375
131 0.109868415 0.56875
132 0.13618422 0.6180921
133 0.14605263 0.65756583
134 0.15592104 0.6921053
135 0.18881579 0.6855264
136 0.22828946 0.6838816
137 0.27269736 0.7069079
138 0.2842105 0.7299343
139 0.32368422 0.7858553
140 0.30230263 0.762829
141 0.13125 0.70197374
142 0.08848685 0.73486847
143 0.053947374 0.75789475
144 0.025986841 0.76447374
145 0.02105263 0.7430922
146 0.014473686 0.70855266
147 0.03914474 0.79901314
148 0.04572369 0.825329
149 0.05230263 0.85328954
150 0.065460525 0.887829
151 0.09013158 0.90921056
152 0.124671064 0.9256579
153 0.17072368 0.9371711
154 0.21513158 0.9437501
155 0.25789475 0.94046056
156 0.30394736 0.94046056
157 0.35328948 0.9355264
158 0.40592107 0.9305921
159 0.43717107 0.9338816
160 0.47664472 0.9486843
161 0.50625 0.97664475
162 0.3319079 0.8483553
163 0.29736844 0.8845395
164 0.28092104 0.9125
165 0.50625 0.78421056
166 0.51611847 0.8055921
167 0.5194079 0.81875
168 0.5046053 0.84671056
169 0.3138158 0.725
170 0.33848685 0.7052632
171 0.37631577 0.69375
172 0.39605263 0.69539475
173 0.42236844 0.7118421
174 0.45032895 0.73486847
175 0.5671053 0.69539475
176 0.58848685 0.7101974
177 0.6180921 0.72664475
178 0.6296053 0.74967104
179 0.37467104 0.44539475
180 0.3368421 0.46348685
181 0.31710526 0.48486844
182 0.29078948 0.512829
183 0.26282895 0.5276316
184 0.23157895 0.52598685
185 0.21184209 0.5375
186 0.21184209 0.5671053
187 0.23322368 0.5736843
188 0.25953946 0.5983553
189 0.26447368 0.6230264
190 0.24967107 0.6657895
191 0.33355263 0.49967107
192 0.35164472 0.51611847
193 0.33026317 0.5375
194 0.31546053 0.55230266
195 0.5095395 0.9470395
196 0.5490132 0.9256579
197 0.5243422 0.99638164
198 0.58355266 0.9223684
199 0.6098684 0.9223684
200 0.63782895 0.9273027
201 0.6740132 0.9437501
202 0.6986842 0.97664475
203 0.7381579 0.99144745
204 0.78421056 0.9980264
205 0.8401316 0.9930922
206 0.8845395 0.98157895
207 0.91414475 0.975
208 0.92072374 0.96019745
209 0.9125 0.9388158
210 0.8993422 0.9223684
211 0.86480266 0.91085535
212 0.8351974 0.8976974
213 0.79901314 0.8730263
214 0.7792764 0.87138164
215 0.73980266 0.8730263
216 0.7118421 0.90263164
217 0.6871711 0.9174342
218 0.82861847 0.92072374
219 0.80723685 0.9371711
220 0.79407895 0.9322369
221 0.81546056 0.95197374
222 0.18552631 0.12631579
223 0.18552631 0.08848685
224 0.19046053 0.053947374
225 0.21019737 0.022697369
226 0.24473682 0.017763158
227 0.2842105 0.017763158
228 0.32203948 0.017763158
229 0.33848685 0.04901316
230 0.31710526 0.065460525
231 0.28914475 0.07861843
232 0.19539472 0.030921055
233 0.18388157 0.009539472
234 0.15427631 0.124671064
235 0.124671064 0.09835526
236 0.10328948 0.07861843
237 0.075328946 0.06875
238 0.063815795 0.047368422
239 0.012828948 0.04901316
240 0.044078946 0.0375
241 0.062171057 0.024342107
242 0.09177632 0.009539472
243 0.10657895 0.0029605273
244 0.5539474 0.12138157
245 0.57039475 0.08684211
246 0.6131579 0.07861843
247 0.65263164 0.076973684
248 0.68881583 0.1
249 0.669079 0.05888158
250 0.7118421 0.024342107
251 0.69046056 0.044078946
252 0.72664475 0.012828948
253 0.6131579 0.053947374
254 0.6180921 0.029276317
255 0.6180921 0.009539472
256 0.5588816 0.06710526
257 0.5539474 0.042434208
258 0.5490132 0.029276317
259 0.5226974 0.009539472
260 0.48486844 0.01611842
261 0.45032895 0.025986841
262 0.4388158 0.035855263
263 0.41414475 0.057236843
264 0.3894737 0.083552636
265 0.38453946 0.114802636
266 0.75953954 0.012828948
267 0.79407895 0.01611842
268 0.8302632 0.01611842
269 0.85 0.034210525
270 0.8697369 0.05888158
271 0.8746711 0.08519737
272 0.85822374 0.1082237
273 0.8319079 0.11315789
274 0.79901314 0.11809211
275 0.7858553 0.12960525
276 0.8894737 0.11151316
277 0.90921056 0.11973684
278 0.9256579 0.13782893
279 0.9305921 0.15263158
280 0.90921056 0.1625
281 0.9486843 0.14769736
282 0.9782895 0.14276315
283 0.9947369 0.13289474
284 0.9947369 0.11315789
285 0.9980264 0.09177632
286 0.8944079 0.25625
287 0.92072374 0.25625
288 0.96348685 0.25789475
289 0.9388158 0.25625
290 0.9848685 0.25953946
291 0.8302632 0.19210526
292 0.8549343 0.23322368
293 0.85986847 0.33026317
294 0.7332237 0.15098684
295 0.6707237 0.14769736
296 0.52598685 0.14769736
297 0.46842104 0.15756579
298 0.41578946 0.15098684
299 0.36151317 0.15098684
300 0.30723685 0.15098684
301 0.25625 0.15263158
302 0.20197369 0.15756579
303 0.1493421 0.1493421
304 0.02105263 0.19375
305 0.59013164 0.4355263
306 0.64276314 0.44703948
307 0.70197374 0.42401314
308 0.75131583 0.4042763
309 0.7858553 0.1625
310 0.8746711 0.42401314
311 0.8401316 0.475
312 0.44210526 0.54736847
313 0.42236844 0.4963816
314 0.41414475 0.45361844
315 0.22993422 0.4404605
316 0.22993422 0.4042763
317 0.32697368 0.33355263
318 0.6871711 0.79572374
