reconstruct single
100 number of sample points
1 0.79918432 0.41429719
2 0.78859300 0.40264560
3 0.34320413 0.30952087
4 0.66421212 0.33521960
5 0.58352290 0.29147854
6 0.71362187 0.77339830
7 0.17602174 0.61074080
8 0.24447334 0.74289691
9 0.17610774 0.60268671
10 0.27752133 0.32359349
11 0.50200858 0.28888291
12 0.61676902 0.30950103
13 0.46272226 0.29398849
14 0.58441634 0.29196287
15 0.51026706 0.83388542
16 0.68422568 0.34606881
17 0.65311955 0.80887626
18 0.20532723 0.44312407
19 0.81271175 0.59457610
20 0.42339777 0.29909904
21 0.69858991 0.79964012
22 0.79666243 0.40701998
23 0.44699770 0.82218195
24 0.17642751 0.57273953
25 0.65042989 0.80937582
26 0.65196489 0.80909072
27 0.49533608 0.83112351
28 0.80198804 0.45166212
29 0.25533882 0.36032071
30 0.73946564 0.72828193
31 0.72822062 0.74791276
32 0.46965042 0.82637221
33 0.71218474 0.36122522
34 0.57600404 0.82319934
35 0.80388099 0.61582980
36 0.71900277 0.36492123
37 0.25960961 0.35324963
38 0.17608043 0.60524416
39 0.35351887 0.30818039
40 0.40810714 0.30108618
41 0.76066840 0.69126753
42 0.76162092 0.68960469
43 0.75893853 0.69428743
44 0.77224710 0.39378460
45 0.74332151 0.37810424
46 0.46580184 0.82566031
47 0.46464542 0.29373856
48 0.25463030 0.75822948
49 0.22597465 0.71497195
50 0.79485136 0.63159315
51 0.30143356 0.31494930
52 0.20631467 0.68529396
53 0.80054933 0.62164601
54 0.56938403 0.28381396
55 0.80289608 0.46376345
56 0.21853761 0.42125186
57 0.17643731 0.57182101
58 0.49495830 0.28979915
59 0.34009977 0.30992431
60 0.18305084 0.48000673
61 0.70582525 0.35777778
62 0.25845815 0.35515609
63 0.53027543 0.83169277
64 0.41273800 0.81584464
65 0.20275795 0.67992486
66 0.25235993 0.36525281
67 0.51960727 0.83367422
68 0.37546021 0.30532892
69 0.29325792 0.79374339
70 0.24397146 0.74213929
71 0.68454864 0.80303876
72 0.74860267 0.38096712
73 0.38521103 0.30406172
74 0.72037061 0.36566272
75 0.18031226 0.48454094
76 0.30004460 0.31512981
77 0.66791922 0.80612743
78 0.18070199 0.64662998
79 0.37666089 0.30517289
80 0.70915736 0.35958410
81 0.19030904 0.66113243
82 0.19192571 0.46531274
83 0.17595889 0.61662674
84 0.17689683 0.52878529
85 0.61439400 0.81606896
86 0.31159954 0.79713619
87 0.21781415 0.42244969
88 0.17656576 0.55979154
89 0.76281810 0.38867321
90 0.20810840 0.68800170
91 0.26644538 0.77606511
92 0.22227656 0.41506135
93 0.26560065 0.34333037
94 0.58795508 0.29388120
95 0.76021431 0.38726171
96 0.17639712 0.57558505
97 0.41236523 0.81577568
98 0.79420837 0.40568965
99 0.48264946 0.29139879
100 0.40530356 0.81446942
