reconstruct single
36 number of sample points
1 0.5 0.5
2 0.50296056 0.5398026
3 0.49967107 0.5875
4 0.5046053 0.63519734
5 0.5046053 0.67960525
6 0.5046053 0.7240132
7 0.5046053 0.76842105
8 0.45855263 0.77335525
9 0.4569079 0.73059213
10 0.45032895 0.68453944
11 0.44868422 0.64835525
12 0.44539475 0.6088816
13 0.44375002 0.5398026
14 0.4388158 0.5019736
15 0.40427634 0.49868417
16 0.35986844 0.487171
17 0.32203948 0.4378289
18 0.32203948 0.3884868
19 0.33684212 0.34736836
20 0.31217107 0.31447363
21 0.31875 0.26513153
22 0.3483553 0.2552631
23 0.3976974 0.23881572
24 0.44046053 0.24210525
25 0.48486844 0.205921
26 0.51611847 0.205921
27 0.575329 0.22565788
28 0.60822374 0.2552631
29 0.6246711 0.27828938
30 0.67236847 0.30460525
31 0.67236847 0.35065782
32 0.6427632 0.41315782
33 0.63947374 0.43453938
34 0.63289475 0.47236842
35 0.6115132 0.487171
36 0.5671053 0.48881578
