reconstruct single
41 number of sample points
1 0.84671056 0.44934207
2 0.83355266 0.34736836
3 0.7661184 0.25197363
4 0.6707237 0.19769734
5 0.5424342 0.1878289
6 0.42236844 0.22236842
7 0.3450658 0.29638153
8 0.3138158 0.39999998
9 0.3319079 0.48552632
10 0.3680921 0.5595395
11 0.44539475 0.60723686
12 0.56546056 0.60559213
13 0.6657895 0.55625
14 0.7233553 0.46907896
15 0.7118421 0.37368423
16 0.63782895 0.30624998
17 0.5539474 0.30624998
18 0.49473682 0.3753289
19 0.49144736 0.4509868
20 0.54078954 0.49046052
21 0.6098684 0.4822368
22 0.6230264 0.424671
23 0.5917764 0.39999998
24 0.83848685 0.5578947
25 0.7792764 0.64835525
26 0.67236847 0.71743417
27 0.5490132 0.7519737
28 0.41907895 0.7552632
29 0.2924342 0.68125
30 0.21677631 0.5973684
31 0.17730263 0.53157896
32 0.1625 0.44440788
33 0.17401317 0.32927632
34 0.21348684 0.21085525
35 0.26776314 0.14177626
36 0.35657895 0.057894707
37 0.4930921 0.024999976
38 0.6493421 0.024999976
39 0.7907895 0.056249917
40 0.8944079 0.10559207
41 0.9898027 0.19769734
