reconstruct single
27 number of sample points
1 0.7118421 0.6417763
2 0.67236847 0.63519734
3 0.67236847 0.60559213
4 0.67072374 0.55953944
5 0.67236847 0.5315789
6 0.69046056 0.5217105
7 0.7134869 0.5052631
8 0.731579 0.47236842
9 0.7365132 0.44769734
10 0.76611847 0.4328947
11 0.73322374 0.418092
12 0.71513164 0.3884868
13 0.6822369 0.38684207
14 0.67236847 0.418092
15 0.66085535 0.4427631
16 0.62138164 0.46249992
17 0.58355266 0.45427626
18 0.5572369 0.44111836
19 0.5555921 0.4740131
20 0.5802632 0.49703944
21 0.6131579 0.52993417
22 0.6444079 0.5398026
23 0.6444079 0.5644736
24 0.64769745 0.59078944
25 0.64769745 0.62203944
26 0.64769745 0.6401316
27 0.6822369 0.65986836
