reconstruct single
104 number of sample points
1 0.4289474 0.09407896
2 0.45032895 0.115460515
3 0.46842104 0.13026309
4 0.475 0.16644734
5 0.475 0.18618417
6 0.47335526 0.23059207
7 0.4667763 0.27006572
8 0.45197368 0.30460525
9 0.45526317 0.32434207
10 0.46348685 0.35394734
11 0.47828946 0.36874992
12 0.48980263 0.37697363
13 0.512829 0.37203944
14 0.5292764 0.34243417
15 0.53914475 0.330921
16 0.54407895 0.30296046
17 0.55230266 0.2766447
18 0.5539474 0.24703944
19 0.55230266 0.21249992
20 0.54572374 0.1878289
21 0.5424342 0.16480261
22 0.55230266 0.15328944
23 0.5736843 0.13026309
24 0.58848685 0.12368417
25 0.6213816 0.118749976
26 0.6213816 0.118749976
27 0.606579 0.13684207
28 0.6049342 0.16480261
29 0.6049342 0.17138153
30 0.6115132 0.1878289
31 0.6180921 0.21085525
32 0.6312501 0.22401309
33 0.63782895 0.2634868
34 0.64276314 0.29309207
35 0.64605266 0.32434207
36 0.6444079 0.35888153
37 0.6361843 0.3835526
38 0.6345395 0.4016447
39 0.6361843 0.42631572
40 0.64111847 0.44111842
41 0.64769745 0.47565782
42 0.6559211 0.5200658
43 0.63947374 0.5266447
44 0.6296053 0.5266447
45 0.59506583 0.52993417
46 0.5605263 0.52335525
47 0.54078954 0.5217105
48 0.5111842 0.525
49 0.49802628 0.525
50 0.47335526 0.5200658
51 0.45855263 0.5200658
52 0.43717107 0.5217105
53 0.42236844 0.5217105
54 0.3976974 0.525
55 0.38289472 0.5266447
56 0.3598684 0.52993417
57 0.34013158 0.52993417
58 0.31546053 0.53157896
59 0.29901317 0.52993417
60 0.28585526 0.52828944
61 0.25953946 0.52828944
62 0.24473682 0.52828944
63 0.21513158 0.525
64 0.21513158 0.48881578
65 0.21513158 0.47401315
66 0.21184209 0.424671
67 0.21842106 0.39999998
68 0.22828946 0.3753289
69 0.2381579 0.35723686
70 0.25789475 0.33256578
71 0.26611844 0.31776315
72 0.26776314 0.2766447
73 0.26776314 0.25361836
74 0.25460526 0.2141447
75 0.24638158 0.20263153
76 0.22993422 0.16809207
77 0.23651314 0.15822363
78 0.2529605 0.12039471
79 0.24638158 0.13684207
80 0.2825658 0.09078944
81 0.28585526 0.117105186
82 0.28092104 0.13684207
83 0.28585526 0.17138153
84 0.2924342 0.18618417
85 0.3105263 0.22401309
86 0.32532895 0.26513153
87 0.33026317 0.28815788
88 0.3286184 0.32434207
89 0.34013158 0.31776315
90 0.35 0.29309207
91 0.36151317 0.27335525
92 0.36973685 0.24210525
93 0.3894737 0.20263153
94 0.38453946 0.16809207
95 0.37467104 0.14342105
96 0.36480263 0.12368417
97 0.35822368 0.09407896
98 0.35493422 0.06447363
99 0.35493422 0.046381533
100 0.36151317 0.021710515
101 0.37467104 3.2889843E-4
102 0.38289472 0.016776323
103 0.39605263 0.04144734
104 0.40592107 0.06776309
