reconstruct single
178 number of sample points
1 0.40921053 0.17236842
2 0.35657895 0.18223685
3 0.30230263 0.20197369
4 0.25789475 0.24144739
5 0.23157895 0.2792763
6 0.21842106 0.32532895
7 0.21677631 0.3894737
8 0.21677631 0.44210526
9 0.22006579 0.5078948
10 0.225 0.56546056
11 0.22828946 0.6197369
12 0.22664472 0.6707237
13 0.22828946 0.72006583
14 0.22335526 0.7743421
15 0.225 0.82861847
16 0.24802631 0.87631583
17 0.31217104 0.89605266
18 0.37467104 0.9042764
19 0.45526317 0.91414475
20 0.5095395 0.9223684
21 0.5736843 0.91578954
22 0.64276314 0.90592104
23 0.7118421 0.9174342
24 0.79572374 0.91414475
25 0.8121711 0.85657895
26 0.8171053 0.7726974
27 0.81546056 0.6871711
28 0.8220395 0.6148027
29 0.8302632 0.5555921
30 0.82861847 0.475
31 0.8319079 0.42236844
32 0.8368422 0.35328948
33 0.80888164 0.29736844
34 0.74473685 0.28914475
35 0.6838816 0.28914475
36 0.6246711 0.29407895
37 0.5671053 0.29901317
38 0.512829 0.30065787
39 0.46019736 0.33355263
40 0.4404605 0.36973685
41 0.4256579 0.42401314
42 0.43059212 0.49144736
43 0.42401314 0.55230266
44 0.42072368 0.6263158
45 0.43059212 0.69539475
46 0.43717107 0.7480264
47 0.48651317 0.75296056
48 0.5605263 0.7611842
49 0.6098684 0.75296056
50 0.64276314 0.6740132
51 0.63782895 0.6131579
52 0.64769745 0.53914475
53 0.64769745 0.5111842
54 0.40098682 0.24967107
55 0.36973685 0.27598682
56 0.35493422 0.29901317
57 0.34671053 0.34013158
58 0.3450658 0.39276314
59 0.3368421 0.4388158
60 0.32532895 0.4881579
61 0.33355263 0.5424342
62 0.3368421 0.59506583
63 0.33848685 0.6559211
64 0.34342104 0.7101974
65 0.34013158 0.75789475
66 0.35657895 0.79901314
67 0.37796053 0.8171053
68 0.41743422 0.8220395
69 0.44539475 0.8269737
70 0.48486844 0.8302632
71 0.5194079 0.83355266
72 0.5490132 0.8319079
73 0.60164475 0.8302632
74 0.65756583 0.8269737
75 0.6921053 0.8171053
76 0.7134869 0.78914475
77 0.7233553 0.7480264
78 0.7282895 0.70197374
79 0.7282895 0.65756583
80 0.7332237 0.6
81 0.7365132 0.54572374
82 0.7365132 0.49144736
83 0.7365132 0.44703948
84 0.7365132 0.42072368
85 0.731579 0.38782895
86 0.6921053 0.38125002
87 0.6625 0.38289472
88 0.6164474 0.39276314
89 0.5720395 0.3976974
90 0.5539474 0.42401314
91 0.53914475 0.47171053
92 0.53914475 0.52105266
93 0.5375 0.5671053
94 0.54078954 0.606579
95 0.54078954 0.65098685
96 0.54078954 0.6756579
97 0.6312501 0.7184211
98 0.64276314 0.5802632
99 0.5226974 0.76447374
100 0.45526317 0.7546053
101 0.43223682 0.72664475
102 0.42072368 0.6657895
103 0.42236844 0.59506583
104 0.42730263 0.52598685
105 0.42730263 0.4667763
106 0.43059212 0.39276314
107 0.48651317 0.3138158
108 0.6 0.29901317
109 0.6608553 0.29078948
110 0.7759869 0.29407895
111 0.8269737 0.32203948
112 0.8368422 0.38782895
113 0.83355266 0.512829
114 0.825329 0.5802632
115 0.7381579 0.5243422
116 0.8171053 0.6542763
117 0.81381583 0.73486847
118 0.8203948 0.81875
119 0.80723685 0.8828948
120 0.75953954 0.91578954
121 0.6707237 0.91085535
122 0.60822374 0.91578954
123 0.54407895 0.9256579
124 0.47664472 0.919079
125 0.42072368 0.90921056
126 0.3417763 0.9042764
127 0.27269736 0.8845395
128 0.22171052 0.80723685
129 0.23322368 0.85328954
130 0.22335526 0.74638164
131 0.225 0.69539475
132 0.225 0.64769745
133 0.22828946 0.5868421
134 0.22664472 0.5358553
135 0.21842106 0.47993425
136 0.21348684 0.42236844
137 0.21348684 0.36151317
138 0.22664472 0.29407895
139 0.25131577 0.25625
140 0.2792763 0.21513158
141 0.3319079 0.18552631
142 0.38618422 0.17565788
143 0.35164472 0.31546053
144 0.34835526 0.37302634
145 0.3417763 0.41414475
146 0.32697368 0.45855263
147 0.32203948 0.50625
148 0.33519736 0.5605263
149 0.33848685 0.6213816
150 0.33848685 0.6789474
151 0.3368421 0.7365132
152 0.3417763 0.7776316
153 0.575329 0.8302632
154 0.63289475 0.8269737
155 0.71513164 0.76447374
156 0.72664475 0.72171056
157 0.731579 0.67730266
158 0.731579 0.6296053
159 0.7332237 0.5736843
160 0.7365132 0.46348685
161 0.7167763 0.38289472
162 0.63782895 0.39276314
163 0.60328954 0.3976974
164 0.54407895 0.44210526
165 0.54078954 0.50131583
166 0.53914475 0.54736847
167 0.64276314 0.64769745
168 0.63947374 0.69375
169 0.58848685 0.75953954
170 0.5424342 0.29901317
171 0.7167763 0.2842105
172 0.8302632 0.44703948
173 0.38125002 0.26118422
174 0.42072368 0.24473682
175 0.45526317 0.2381579
176 0.46513158 0.21513158
177 0.46348685 0.18881579
178 0.43717107 0.17730263
