reconstruct single
1000 number of sample points
1 0.21873734 0.42092117
2 0.80108043 0.43956647
3 0.68649041 0.80267810
4 0.23312054 0.72575912
5 0.46841399 0.29324881
6 0.40069364 0.30204963
7 0.39194900 0.30318607
8 0.80516652 0.49402148
9 0.31409112 0.31330435
10 0.42205742 0.81756853
11 0.72903201 0.37035801
12 0.30264283 0.31479215
13 0.21847353 0.42135797
14 0.73196474 0.37194782
15 0.81143821 0.57760374
16 0.47599981 0.29226297
17 0.57095747 0.82413667
18 0.80010297 0.42654002
19 0.31758933 0.79824417
20 0.75057495 0.70888803
21 0.77948520 0.65841840
22 0.69793597 0.35350106
23 0.64047309 0.81122515
24 0.45720960 0.82407093
25 0.80705215 0.51915105
26 0.29425566 0.79392795
27 0.18967463 0.46903982
28 0.75756707 0.69668164
29 0.21095648 0.43380382
30 0.17721618 0.49887687
31 0.21886601 0.42070813
32 0.29775893 0.79457598
33 0.52801357 0.28550334
34 0.17645853 0.56983403
35 0.43887118 0.82067871
36 0.26164225 0.34988422
37 0.21935021 0.70497194
38 0.80591364 0.50397824
39 0.62567890 0.31433102
40 0.71063358 0.77861507
41 0.43532718 0.82002315
42 0.17947978 0.64478498
43 0.80958241 0.60587663
44 0.34796453 0.30890222
45 0.24405415 0.74226411
46 0.59252341 0.82013111
47 0.76279002 0.38865799
48 0.34210717 0.80277945
49 0.31482349 0.31320917
50 0.17580347 0.63118297
51 0.57444948 0.82348808
52 0.39107357 0.30329984
53 0.48598918 0.29096476
54 0.71532363 0.77042748
55 0.76359848 0.38909625
56 0.21703894 0.70148292
57 0.38256137 0.30440607
58 0.67032771 0.80568009
59 0.28375334 0.31724700
60 0.65931213 0.33256335
61 0.42509582 0.29887836
62 0.80348000 0.47154539
63 0.22689148 0.71635597
64 0.31729412 0.79818957
65 0.77745126 0.66196911
66 0.26606690 0.77549377
67 0.53332182 0.28481349
68 0.32522822 0.31185699
69 0.72416643 0.75499030
70 0.46123684 0.82481588
71 0.64725796 0.80996496
72 0.33408935 0.31070541
73 0.69806953 0.80052745
74 0.80196194 0.45131426
75 0.61727832 0.81553324
76 0.35156404 0.80452877
77 0.25202074 0.36581440
78 0.24596268 0.74514515
79 0.39896218 0.30227465
80 0.19222365 0.66402266
81 0.48006248 0.82829822
82 0.64915285 0.80961301
83 0.27838206 0.79099167
84 0.26375073 0.34639325
85 0.30860638 0.31401714
86 0.80881870 0.60720987
87 0.80327142 0.46876568
88 0.79791441 0.62624588
89 0.30363967 0.79566379
90 0.80756761 0.52602054
91 0.49762031 0.28945320
92 0.28930242 0.79301170
93 0.46061642 0.82470112
94 0.81197778 0.60169495
95 0.64867517 0.80970173
96 0.39546939 0.30272857
97 0.17604721 0.60835515
98 0.76822618 0.67807365
99 0.21203955 0.43201060
100 0.58292941 0.29115681
101 0.72962820 0.74545549
102 0.69019939 0.34930712
103 0.17634503 0.58046355
104 0.45278021 0.29528055
105 0.27946317 0.32037842
106 0.44680275 0.82214588
107 0.80082220 0.43612508
108 0.29743460 0.79451598
109 0.17757622 0.48907095
110 0.43329459 0.81964717
111 0.72373030 0.75575166
112 0.21157780 0.69323899
113 0.55558939 0.28191964
114 0.60999098 0.81688676
115 0.50200831 0.83235773
116 0.27945411 0.32039342
117 0.20433045 0.44477442
118 0.80994250 0.55767061
119 0.78219454 0.39917704
120 0.56773603 0.82473500
121 0.80096131 0.62092680
122 0.53762005 0.28425490
123 0.70265951 0.35606166
124 0.21136187 0.43313262
125 0.80200573 0.45189790
126 0.21492669 0.42723040
127 0.63747595 0.32072611
128 0.22647943 0.40810272
129 0.17645841 0.56984559
130 0.42769605 0.81861155
131 0.26627605 0.34221213
132 0.60767349 0.81731720
133 0.62460440 0.31374853
134 0.48380953 0.29124803
135 0.17829723 0.48787720
136 0.69399095 0.35136249
137 0.70422892 0.78979591
138 0.80450201 0.48516560
139 0.22277763 0.41423173
140 0.39128598 0.81187647
141 0.22581773 0.40919829
142 0.78197566 0.39905838
143 0.71121239 0.77760461
144 0.56350559 0.28089086
145 0.29064076 0.31635192
146 0.51978458 0.83364129
147 0.73597144 0.73438188
148 0.56760503 0.82475933
149 0.80315155 0.46716816
150 0.18226856 0.48130192
151 0.60141611 0.30117833
152 0.17632850 0.58201193
153 0.45640710 0.82392248
154 0.31069968 0.79696974
155 0.45175118 0.82306124
156 0.78680298 0.64564349
157 0.21951932 0.70522722
158 0.23819901 0.38869881
159 0.72769103 0.36963107
160 0.21201535 0.69389950
161 0.80451688 0.48536371
162 0.40004736 0.30213362
163 0.78219310 0.65369111
164 0.19012594 0.46829260
165 0.17650323 0.56564792
166 0.23690999 0.73147954
167 0.17679978 0.53787479
168 0.58195415 0.82209419
169 0.19301498 0.66521723
170 0.26673866 0.77650783
171 0.67652108 0.34189220
172 0.55139799 0.82776956
173 0.17683631 0.53445358
174 0.17576564 0.63472525
175 0.81150936 0.57855192
176 0.17958612 0.64494551
177 0.78165023 0.39888197
178 0.17591760 0.62049437
179 0.41664765 0.81656784
180 0.45032976 0.82279830
181 0.61935999 0.31090558
182 0.71037148 0.77907262
183 0.37008231 0.30602783
184 0.59118396 0.82037989
185 0.22365224 0.41278366
186 0.28425779 0.79207856
187 0.23899089 0.73462080
188 0.59890712 0.29981822
189 0.32481051 0.31191128
190 0.56554196 0.82514252
191 0.18384227 0.65137043
192 0.43315539 0.81962141
193 0.49575923 0.83120178
194 0.80892619 0.54412624
195 0.22193148 0.41563268
196 0.79773449 0.62655997
197 0.69850976 0.79978004
198 0.67655797 0.34191220
199 0.52371628 0.28606181
200 0.75431634 0.38406447
201 0.17728995 0.49196848
202 0.52501545 0.28589298
203 0.79074910 0.40381441
204 0.24579862 0.37611626
205 0.79956788 0.41940890
206 0.39624724 0.81279420
207 0.23523756 0.39360203
208 0.43608904 0.82016408
209 0.24543131 0.37672441
210 0.27583336 0.32638825
211 0.60495154 0.30309486
212 0.49715335 0.83145966
213 0.44456952 0.29634759
214 0.24617645 0.74546786
215 0.19226322 0.66408240
216 0.80729895 0.52244025
217 0.26014883 0.76656005
218 0.17666031 0.55093624
219 0.80468714 0.48763286
220 0.24942883 0.75037753
221 0.24096529 0.38411872
222 0.73843308 0.37545426
223 0.39282613 0.30307208
224 0.17576702 0.63459589
225 0.28649051 0.31689128
226 0.76213223 0.68871208
227 0.59425956 0.81980864
228 0.22388370 0.71181552
229 0.41791480 0.29981160
230 0.80099606 0.43844209
231 0.51396600 0.28732894
232 0.57731167 0.28811148
233 0.17689374 0.52907489
234 0.26253958 0.34839853
235 0.25876386 0.35464993
236 0.28046777 0.31871512
237 0.79622568 0.62919395
238 0.27596065 0.79042900
239 0.54360237 0.28347745
240 0.50070138 0.28905279
241 0.57299511 0.82375821
242 0.19302394 0.66523075
243 0.71354955 0.77352455
244 0.34395479 0.80312122
245 0.71190546 0.77639471
246 0.17720479 0.49994425
247 0.77296349 0.39417295
248 0.26263291 0.34824401
249 0.80941305 0.60617230
250 0.80295421 0.46453824
251 0.39901495 0.81330617
252 0.53969404 0.82994340
253 0.80570309 0.50117230
254 0.80033067 0.42957453
255 0.18224853 0.64896459
256 0.23554928 0.72942547
257 0.80511844 0.61366954
258 0.25520616 0.36054035
259 0.75111622 0.70794311
260 0.20535749 0.68384903
261 0.19284834 0.46378516
262 0.71507732 0.36279327
263 0.45439890 0.82355101
264 0.27824293 0.79387426
265 0.66195728 0.33399727
266 0.55291132 0.82748848
267 0.80024558 0.42844052
268 0.27731292 0.32393855
269 0.30418641 0.31459155
270 0.52291290 0.28616622
271 0.40090317 0.81365545
272 0.80785665 0.60888936
273 0.17598805 0.61389563
274 0.56799103 0.82468764
275 0.60057730 0.81863522
276 0.80869805 0.54108591
277 0.80046015 0.43130013
278 0.80474912 0.48845882
279 0.65711098 0.80813490
280 0.76146612 0.68987493
281 0.60823722 0.81721250
282 0.79151241 0.63742207
283 0.80593243 0.50422874
284 0.60339935 0.81811106
285 0.17581495 0.63010769
286 0.55730602 0.82667223
287 0.71965991 0.76285749
288 0.54837299 0.28285747
289 0.56737975 0.28272745
290 0.57038096 0.28435439
291 0.59943276 0.30010317
292 0.17637071 0.57805834
293 0.74918938 0.71130685
294 0.81016994 0.60485096
295 0.63837345 0.32121264
296 0.73539829 0.37380912
297 0.58357566 0.29150714
298 0.18659118 0.65552008
299 0.48112532 0.29159686
300 0.50684824 0.28825396
301 0.21511851 0.69858391
302 0.25922564 0.35388537
303 0.50072343 0.28904993
304 0.69862224 0.79958368
305 0.19528175 0.66863905
306 0.46074068 0.29424602
307 0.52647234 0.28570364
308 0.56749937 0.28279230
309 0.34988500 0.80421818
310 0.46079447 0.82473405
311 0.71225232 0.77578918
312 0.58931352 0.29461760
313 0.19941031 0.67487138
314 0.50200890 0.83235784
315 0.32386943 0.31203358
316 0.17596609 0.61595284
317 0.75471253 0.70166490
318 0.70666220 0.78554804
319 0.59324113 0.29674673
320 0.69794230 0.35350450
321 0.80135031 0.44316316
322 0.38420202 0.81056609
323 0.39978382 0.30216787
324 0.17872224 0.48717351
325 0.51576259 0.28709546
326 0.80325154 0.46850069
327 0.18433588 0.65211557
328 0.72443500 0.36786600
329 0.58676858 0.82119998
330 0.75443760 0.38413020
331 0.57238612 0.28544137
332 0.80586424 0.50331990
333 0.27811225 0.79367699
334 0.65174658 0.80913126
335 0.69610732 0.35250976
336 0.17690602 0.52792504
337 0.45075227 0.29554410
338 0.20565858 0.68430354
339 0.80244666 0.45777409
340 0.30035482 0.79505616
341 0.57828345 0.28863827
342 0.37242795 0.80838814
343 0.25466716 0.75828513
344 0.39833752 0.81318086
345 0.74993504 0.71000514
346 0.33686154 0.80180912
347 0.50277558 0.83249966
348 0.27125873 0.33396239
349 0.55450390 0.28206071
350 0.68169410 0.34469646
351 0.42394488 0.29902794
352 0.64847751 0.80973845
353 0.21699278 0.42380961
354 0.28646000 0.31689524
355 0.21706060 0.42369732
356 0.55991545 0.82618756
357 0.55838463 0.82647189
358 0.42020365 0.29951414
359 0.20699143 0.44036868
360 0.55411457 0.28211130
361 0.25835492 0.76385203
362 0.67590644 0.80464392
363 0.79991040 0.42397360
364 0.43980878 0.82085215
365 0.23094499 0.40070917
366 0.71600590 0.76923642
367 0.80760763 0.52655393
368 0.41027322 0.30080468
369 0.78524487 0.64836353
370 0.45039848 0.29559007
371 0.80744408 0.52437439
372 0.34688390 0.30904266
373 0.17645126 0.57051434
374 0.41278468 0.30047830
375 0.45221109 0.82314631
376 0.79556549 0.40642534
377 0.40359048 0.81415254
378 0.66769280 0.33710645
379 0.64702010 0.81000914
380 0.80291530 0.46401968
381 0.32828331 0.80022233
382 0.57635427 0.28759248
383 0.58511864 0.29234358
384 0.42522261 0.81815402
385 0.17636598 0.57850182
386 0.21148597 0.43292714
387 0.26536210 0.34372532
388 0.48179369 0.82861846
389 0.46796792 0.29330678
390 0.26987344 0.78123998
391 0.52158998 0.83330596
392 0.71660433 0.36362105
393 0.22904864 0.71961234
394 0.25517893 0.75905767
395 0.25356820 0.36325230
396 0.69289146 0.80148920
397 0.36042847 0.80616850
398 0.43584190 0.82011836
399 0.72397807 0.36761830
400 0.25642475 0.76093832
401 0.81268360 0.59420099
402 0.35736722 0.30768026
403 0.38607928 0.81091335
404 0.29443951 0.31585824
405 0.54337420 0.28350710
406 0.18821900 0.65797739
407 0.61682570 0.81561731
408 0.80029331 0.42907664
409 0.23884255 0.73439687
410 0.58053260 0.28985752
411 0.77290722 0.66990179
412 0.80259329 0.61807779
413 0.17589332 0.62276777
414 0.34028430 0.80244226
415 0.28184637 0.31749482
416 0.81135328 0.60278518
417 0.72993108 0.74492675
418 0.77078319 0.39299103
419 0.23799701 0.38903325
420 0.69976638 0.79758632
421 0.80206712 0.45271607
422 0.63185270 0.31767778
423 0.23938866 0.38672913
424 0.17613854 0.59980215
425 0.18760975 0.47245860
426 0.65188707 0.80910517
427 0.24907658 0.37068900
428 0.49692168 0.83141681
429 0.71574272 0.76969587
430 0.29958114 0.79491305
431 0.46414583 0.29380349
432 0.22799272 0.40559719
433 0.66324941 0.80699478
434 0.70000091 0.35462045
435 0.64930472 0.32713840
436 0.61473045 0.30839594
437 0.81119616 0.57437800
438 0.63912002 0.32161735
439 0.61564230 0.81583711
440 0.61008823 0.30587942
441 0.17702812 0.51649014
442 0.22675874 0.40764028
443 0.24112826 0.38384891
444 0.25270927 0.36467442
445 0.53195657 0.83138052
446 0.56908018 0.28364925
447 0.23467009 0.39454158
448 0.54498674 0.28329754
449 0.27374460 0.32984657
450 0.17713305 0.50666235
451 0.53466095 0.83087822
452 0.80863919 0.54030141
453 0.46462227 0.29374157
454 0.62591114 0.31445691
455 0.22869381 0.40443641
456 0.27174648 0.78406745
457 0.80670272 0.51449426
458 0.17898025 0.48674632
459 0.81093708 0.57092525
460 0.22594835 0.71493225
461 0.20186338 0.67857445
462 0.75357400 0.70365248
463 0.21500008 0.69840514
464 0.56888003 0.82452252
465 0.58448553 0.82162403
466 0.17700484 0.51866998
467 0.17943079 0.48600037
468 0.22120634 0.70777388
469 0.30280855 0.31477061
470 0.26600966 0.34265318
471 0.60662706 0.30400314
472 0.59621422 0.29835842
473 0.23401767 0.72711341
474 0.53772152 0.83030976
475 0.23537400 0.39337613
476 0.31491881 0.31319678
477 0.25763100 0.35652559
478 0.35785299 0.30761713
479 0.62331399 0.81441221
480 0.71168368 0.77678186
481 0.18477068 0.65277193
482 0.26135837 0.35035425
483 0.76184564 0.38814605
484 0.44816063 0.29588090
485 0.18661395 0.65555446
486 0.48086511 0.82844669
487 0.70919691 0.35960554
488 0.17583471 0.62825668
489 0.55469735 0.28203556
490 0.31904704 0.79851382
491 0.18545941 0.65381161
492 0.65419896 0.32979154
493 0.41277811 0.81585206
494 0.25253269 0.36496677
495 0.81132632 0.60283224
496 0.48796303 0.29070825
497 0.24829869 0.37197694
498 0.78763948 0.40212870
499 0.57477631 0.82342737
500 0.29209431 0.31616302
501 0.19243983 0.46446152
502 0.17623979 0.59031988
503 0.65441775 0.80863513
504 0.46019928 0.29431638
505 0.17679671 0.53816178
506 0.54006318 0.28393740
507 0.26503642 0.77393819
508 0.41758952 0.29985387
509 0.17842272 0.64318927
510 0.67075119 0.80560143
511 0.45745698 0.29467276
512 0.45526067 0.29495819
513 0.58417534 0.29183223
514 0.59081868 0.82044774
515 0.22752199 0.40637658
516 0.18527118 0.65352746
517 0.32760204 0.80009631
518 0.40538088 0.30144048
519 0.77348139 0.66889945
520 0.50361329 0.28867436
521 0.69815732 0.80039531
522 0.54015888 0.28392496
523 0.24978329 0.36951890
524 0.19592441 0.45869216
525 0.32600306 0.79980053
526 0.78981705 0.64038171
527 0.23229958 0.39846639
528 0.41540324 0.81633765
529 0.28440411 0.79210562
530 0.80944509 0.55104157
531 0.17689973 0.52851411
532 0.62004333 0.81501968
533 0.17702805 0.51649618
534 0.25537585 0.36025940
535 0.52002437 0.83359675
536 0.78772818 0.64402833
537 0.27419282 0.78776036
538 0.80231928 0.61855615
539 0.24352141 0.74145991
540 0.17586448 0.62546863
541 0.17715424 0.50467831
542 0.50511175 0.28847963
543 0.44661774 0.82211166
544 0.21718771 0.70170750
545 0.31831234 0.31275577
546 0.68351265 0.34568228
547 0.80894118 0.54432608
548 0.72521742 0.75315555
549 0.54023401 0.82984311
550 0.53703767 0.83043678
551 0.63124200 0.81293969
552 0.17621493 0.59264840
553 0.62859651 0.31591263
554 0.52974881 0.83179058
555 0.79885780 0.40994569
556 0.70818525 0.78288919
557 0.76139643 0.68999659
558 0.31141784 0.79710258
559 0.65650865 0.80824678
560 0.51901583 0.28667268
561 0.80735124 0.52313711
562 0.46869528 0.82619553
563 0.34467723 0.80325486
564 0.80539263 0.49703485
565 0.68365333 0.80320505
566 0.36326708 0.30691352
567 0.17619631 0.59439159
568 0.69267287 0.80152980
569 0.66453033 0.80675687
570 0.17652329 0.56376902
571 0.75216399 0.70611398
572 0.25438090 0.36190672
573 0.80079267 0.43573160
574 0.26690702 0.77676198
575 0.35095056 0.30851416
576 0.23026926 0.40182797
577 0.79918271 0.41427574
578 0.55731464 0.28169543
579 0.81162094 0.58003901
580 0.23399657 0.72708155
581 0.17594990 0.61746921
582 0.24672170 0.74629095
583 0.34657905 0.80360665
584 0.21741751 0.42310640
585 0.74950113 0.38145417
586 0.29280385 0.79365939
587 0.23791428 0.38917023
588 0.28964353 0.31648152
589 0.26595491 0.77532470
590 0.24314641 0.74089382
591 0.79922773 0.62395316
592 0.21352048 0.69617159
593 0.65944911 0.33263761
594 0.75627052 0.38512381
595 0.54440832 0.82906779
596 0.52409485 0.83284072
597 0.67849561 0.34296258
598 0.80813539 0.53358740
599 0.33210857 0.31096283
600 0.76194897 0.38820206
601 0.21489622 0.42728084
602 0.18889230 0.47033512
603 0.80505186 0.49249347
604 0.78846127 0.40257419
605 0.48654130 0.29089301
606 0.17640313 0.57502209
607 0.79542163 0.63059760
608 0.57766656 0.28830386
609 0.60703625 0.30422496
610 0.81196958 0.58468526
611 0.26677963 0.77656967
612 0.76775275 0.39134825
613 0.69729137 0.80067198
614 0.22694975 0.40732403
615 0.36319083 0.30692343
616 0.34832796 0.80393016
617 0.37488264 0.30540399
618 0.26990109 0.78128172
619 0.60899332 0.30528588
620 0.73537730 0.37379775
621 0.56663184 0.82494009
622 0.24844357 0.74889023
623 0.43454874 0.81987916
624 0.24398244 0.37912328
625 0.31821092 0.31276895
626 0.64007647 0.81129882
627 0.36813409 0.80759387
628 0.50540013 0.28844215
629 0.57158441 0.82402022
630 0.71872625 0.36477133
631 0.79586740 0.40658900
632 0.17662866 0.55390041
633 0.75396386 0.38387339
634 0.75271134 0.38319440
635 0.81214892 0.58707532
636 0.20544547 0.44292829
637 0.66390746 0.33505445
638 0.30705310 0.31421900
639 0.31215624 0.79723917
640 0.27650386 0.32527810
641 0.17647123 0.56864459
642 0.80228895 0.45567239
643 0.22336807 0.41325415
644 0.17624705 0.58963960
645 0.17835787 0.64309139
646 0.17716290 0.50386683
647 0.35826774 0.30756323
648 0.36941964 0.80783167
649 0.80799228 0.60865258
650 0.32042767 0.31248086
651 0.51577060 0.83438683
652 0.63930361 0.32171687
653 0.33841478 0.31014329
654 0.22734288 0.71703739
655 0.17650019 0.56593210
656 0.38740459 0.30377665
657 0.39176222 0.81196457
658 0.78615980 0.64676631
659 0.41784880 0.81679002
660 0.23150786 0.72332468
661 0.17653511 0.56266183
662 0.23701297 0.73163500
663 0.74482950 0.71891805
664 0.17619515 0.59450084
665 0.28236705 0.79172881
666 0.41719142 0.81666842
667 0.45421643 0.82351726
668 0.47491807 0.29240355
669 0.75584222 0.69969276
670 0.60402690 0.81799450
671 0.34804107 0.80387709
672 0.70021601 0.35473706
673 0.79416186 0.63279683
674 0.74078767 0.72597401
675 0.75932481 0.69361308
676 0.80283091 0.46289503
677 0.17600728 0.61209482
678 0.75258068 0.70538655
679 0.17584798 0.62701399
680 0.24522502 0.37706596
681 0.38944375 0.30351165
682 0.20742897 0.43964425
683 0.48366288 0.29126709
684 0.32340058 0.79931913
685 0.57888287 0.82266464
686 0.42222222 0.81759901
687 0.67431148 0.34069439
688 0.23266500 0.72507146
689 0.61724658 0.30975991
690 0.74300638 0.72210073
691 0.39874602 0.30230274
692 0.77918878 0.39754764
693 0.18119239 0.48308372
694 0.50138930 0.83224322
695 0.37939697 0.80967726
696 0.80213909 0.61887071
697 0.44410453 0.29640802
698 0.19376686 0.66635223
699 0.37135406 0.30586255
700 0.17599508 0.61323729
701 0.27885820 0.32138006
702 0.57191714 0.82395842
703 0.27407644 0.32929714
704 0.52764811 0.28555084
705 0.19266908 0.46408196
706 0.73544454 0.73530170
707 0.33959827 0.30998948
708 0.80321326 0.46799060
709 0.80893277 0.60701073
710 0.40845398 0.81505219
711 0.24834167 0.37190578
712 0.65783987 0.80799952
713 0.67622253 0.80458521
714 0.17616802 0.59704080
715 0.23103335 0.72260839
716 0.71633510 0.76866172
717 0.70961265 0.78039733
718 0.39029486 0.30340104
719 0.34939619 0.80412776
720 0.49822004 0.83165698
721 0.42156600 0.29933709
722 0.23254179 0.39806537
723 0.17713907 0.50609902
724 0.72035355 0.36565347
725 0.46890462 0.29318505
726 0.71293377 0.36163127
727 0.60601373 0.30367067
728 0.20846800 0.43792395
729 0.69871065 0.79942935
730 0.48924815 0.82999737
731 0.47027878 0.82648845
732 0.42960511 0.29829234
733 0.30154943 0.31493425
734 0.58946596 0.29470023
735 0.55941834 0.82627989
736 0.51799292 0.28680561
737 0.21062093 0.43435938
738 0.80849575 0.53838990
739 0.58254330 0.82198477
740 0.71084403 0.77824767
741 0.79210802 0.40455107
742 0.31649427 0.31299204
743 0.79236724 0.63592977
744 0.18417400 0.47814712
745 0.17673227 0.54419713
746 0.66503217 0.80666366
747 0.45588453 0.29487711
748 0.80469501 0.48773772
749 0.26399776 0.77237026
750 0.17711251 0.50858660
751 0.51492729 0.83454346
752 0.45500342 0.82366283
753 0.17625662 0.58874326
754 0.80007686 0.42619201
755 0.80445849 0.48458555
756 0.76922829 0.67632423
757 0.24115112 0.73788180
758 0.80471608 0.48801851
759 0.79731357 0.62729479
760 0.17683243 0.53481695
761 0.52145792 0.83333049
762 0.54138978 0.82962844
763 0.26290957 0.77072758
764 0.37984157 0.30475953
765 0.74467289 0.71919145
766 0.18382679 0.47872199
767 0.80346710 0.47137351
768 0.42294705 0.81773309
769 0.48061859 0.29166272
770 0.36202480 0.30707497
771 0.17612104 0.60144073
772 0.17648500 0.56735477
773 0.28175958 0.79161644
774 0.38164485 0.30452518
775 0.40671354 0.81473024
776 0.61558251 0.30885783
777 0.47122810 0.29288309
778 0.41461205 0.81619130
779 0.70631900 0.78614718
780 0.64529296 0.81032993
781 0.17642263 0.57319609
782 0.17586389 0.62552408
783 0.81232684 0.58944643
784 0.76921135 0.67635381
785 0.22986415 0.72084340
786 0.47837026 0.82798520
787 0.17584162 0.62760968
788 0.79922330 0.41481666
789 0.39231551 0.81206692
790 0.77256945 0.67049146
791 0.80295178 0.46450586
792 0.26336282 0.77141179
793 0.18625328 0.65501001
794 0.61331293 0.81626976
795 0.20873339 0.68894516
796 0.17583714 0.62802918
797 0.75817722 0.38615742
798 0.57902682 0.82263790
799 0.21958543 0.41951701
800 0.75887915 0.38653793
801 0.45374236 0.29515551
802 0.49048428 0.29038059
803 0.19914101 0.67446486
804 0.72060549 0.76120676
805 0.29308385 0.31603442
806 0.40322918 0.30172012
807 0.76819796 0.39158959
808 0.49734512 0.28948897
809 0.66763643 0.80617995
810 0.35536701 0.80523224
811 0.37789237 0.30501285
812 0.43448020 0.81986648
813 0.74419039 0.37857526
814 0.69621124 0.35256610
815 0.56518897 0.82520808
816 0.81271172 0.59457579
817 0.20419159 0.44500433
818 0.34914360 0.80408104
819 0.78076257 0.65618845
820 0.28932109 0.79301516
821 0.17665913 0.55104665
822 0.17663326 0.55346959
823 0.25702116 0.35753529
824 0.78612881 0.64682041
825 0.30154039 0.31493542
826 0.54012080 0.82986413
827 0.33198356 0.31097908
828 0.58241919 0.29088023
829 0.31932713 0.79856563
830 0.46339470 0.29390111
831 0.53824752 0.28417336
832 0.33720980 0.31029988
833 0.29811922 0.79464262
834 0.21184991 0.69364975
835 0.21260233 0.43107880
836 0.80840459 0.53717492
837 0.72702546 0.74999919
838 0.65013083 0.32758623
839 0.65533329 0.80846509
840 0.49720930 0.83147001
841 0.70183559 0.79397403
842 0.17711463 0.50838820
843 0.72629312 0.75127767
844 0.79689016 0.62803394
845 0.29105161 0.79333527
846 0.63385639 0.31876397
847 0.50279653 0.28878051
848 0.54404813 0.28341952
849 0.72265626 0.75762666
850 0.31663516 0.31297373
851 0.70314775 0.35632633
852 0.45963914 0.29438917
853 0.22743637 0.71717850
854 0.20458157 0.44435864
855 0.81298321 0.59819389
856 0.28464024 0.79214930
857 0.80390724 0.47723909
858 0.72758176 0.36957184
859 0.35960705 0.80601655
860 0.54885734 0.82824145
861 0.29009838 0.31642241
862 0.17634286 0.58066685
863 0.23924467 0.38696753
864 0.52825444 0.28547204
865 0.81051836 0.56534504
866 0.70625666 0.35801165
867 0.24327865 0.38028853
868 0.59778492 0.81915386
869 0.37754583 0.80933484
870 0.27699762 0.79199439
871 0.79411201 0.63288385
872 0.81102377 0.57208056
873 0.75986883 0.69266337
874 0.33533991 0.80152765
875 0.80773314 0.52822658
876 0.24578194 0.37614388
877 0.55589068 0.28188048
878 0.22006513 0.41872277
879 0.17631687 0.58310084
880 0.81077095 0.56871131
881 0.68575697 0.34689891
882 0.79880951 0.40930211
883 0.80137715 0.44352083
884 0.60293037 0.81819817
885 0.75498613 0.70118727
886 0.74406332 0.37850638
887 0.63274659 0.81266024
888 0.70721879 0.35853321
889 0.68310177 0.34545955
890 0.24824685 0.37206277
891 0.80247733 0.45818286
892 0.26429721 0.77282230
893 0.73053629 0.37117347
894 0.41402299 0.30031737
895 0.72101758 0.76048735
896 0.28253178 0.79175928
897 0.35898277 0.80590107
898 0.32933774 0.31132292
899 0.23721984 0.73194727
900 0.40230285 0.81391436
901 0.18565559 0.65410775
902 0.53569570 0.83068603
903 0.23057129 0.72191087
904 0.17622685 0.59153169
905 0.26434377 0.34541136
906 0.72334364 0.36727438
907 0.48435176 0.82909165
908 0.81049541 0.56503911
909 0.59482306 0.81970398
910 0.78037066 0.65687261
911 0.79835478 0.40793739
912 0.24662337 0.74614252
913 0.80696138 0.51794141
914 0.20736122 0.43975642
915 0.44037142 0.82095623
916 0.69173309 0.80170435
917 0.59135688 0.29572529
918 0.65161582 0.80915555
919 0.21603110 0.69996153
920 0.80353355 0.47225908
921 0.17697460 0.52150251
922 0.19004551 0.66073462
923 0.77026762 0.67450985
924 0.25332259 0.36365895
925 0.74550225 0.71774361
926 0.50741339 0.83335755
927 0.40378648 0.81418880
928 0.40805149 0.30109342
929 0.77768279 0.66156492
930 0.22500642 0.41054156
931 0.64547070 0.81029692
932 0.80956708 0.55266736
933 0.74507118 0.71849615
934 0.61562541 0.30888109
935 0.17610022 0.60339141
936 0.79491593 0.63148042
937 0.70369912 0.79072079
938 0.68649061 0.34729662
939 0.80302118 0.46543069
940 0.68200959 0.34486749
941 0.80785168 0.52980636
942 0.52465619 0.28593966
943 0.47157663 0.82672852
944 0.71266168 0.36148377
945 0.72600551 0.75177975
946 0.37535165 0.30534303
947 0.71567778 0.76980922
948 0.77887471 0.65948415
949 0.73927355 0.37590987
950 0.81115034 0.57376732
951 0.81278966 0.60027762
952 0.74613032 0.71664717
953 0.21209789 0.69402409
954 0.80881402 0.54263140
955 0.80753123 0.52553580
956 0.59324826 0.29675059
957 0.29097902 0.31630796
958 0.17709752 0.50999003
959 0.70548151 0.78760921
960 0.18207741 0.48161841
961 0.42045679 0.81727245
962 0.23815619 0.38876970
963 0.66801439 0.33728079
964 0.80104894 0.62077381
965 0.75560943 0.70009915
966 0.80827311 0.60816233
967 0.17693482 0.52522759
968 0.23943592 0.73529259
969 0.22396560 0.71193916
970 0.20748410 0.43955297
971 0.58178427 0.82212575
972 0.35661720 0.80546349
973 0.21968274 0.70547391
974 0.73185222 0.37188682
975 0.30488897 0.31450025
976 0.70777523 0.78360499
977 0.24194795 0.38249174
978 0.60389203 0.81801955
979 0.17842333 0.48766842
980 0.17600101 0.61268264
981 0.51243287 0.28752819
982 0.67168068 0.80542880
983 0.80826403 0.53530171
984 0.22878765 0.71921836
985 0.61034950 0.81682017
986 0.22539690 0.40989504
987 0.79980460 0.42256366
988 0.18304320 0.65016419
989 0.72605282 0.36874301
990 0.61486832 0.30847068
991 0.76974339 0.67542502
992 0.37412376 0.30550261
993 0.52415943 0.28600422
994 0.70981315 0.78004731
995 0.58871666 0.29429405
996 0.34757986 0.80379178
997 0.46694746 0.29343939
998 0.17949816 0.48588883
999 0.59129200 0.29569012
1000 0.37362266 0.80860914
