reconstruct single
36 number of sample points
1 0.5 0.5
2 0.0 0.0
3 0.0 1.0
4 1.0 1.0
5 1.0 0.0
6 0.0029605273 0.90657896
7 0.0013157912 0.7963816
8 -0.008552631 0.65493417
9 -0.003618421 0.5891447
10 -0.0069078933 0.4427631
11 -0.0069078933 0.34243417
12 -0.011842105 0.18947363
13 -0.010197368 0.07105255
14 0.057236843 0.054605186
15 0.10657895 0.10888153
16 0.17236842 0.18618417
17 0.21677631 0.23059207
18 0.29572368 0.31940782
19 0.35657898 0.35394734
20 0.40592107 0.40328944
21 0.44868422 0.45921046
22 0.54572374 0.47072363
23 0.6115132 0.362171
24 0.6937501 0.28980255
25 0.78421056 0.22072363
26 0.8384869 0.14177626
27 0.91085535 0.06776309
28 0.99144745 0.07105255
29 0.9799342 0.23552626
30 0.98651326 0.30953944
31 0.9898027 0.40822363
32 0.988158 0.5217105
33 0.9799342 0.5924342
34 0.98157907 0.65657896
35 0.98651326 0.75526315
36 0.9947369 0.8786184
