reconstruct single
24 number of sample points
1 0.30559212 0.31710526
2 0.36644736 0.3138158
3 0.45855263 0.3138158
4 0.5095395 0.32368422
5 0.5720395 0.34835526
6 0.6230264 0.37796053
7 0.65098685 0.43388158
8 0.65098685 0.48157892
9 0.6148027 0.5375
10 0.57039475 0.54572374
11 0.46348685 0.5605263
12 0.5276316 0.54572374
13 0.40921053 0.57039475
14 0.35822368 0.60164475
15 0.35657895 0.6312501
16 0.3894737 0.6789474
17 0.4355263 0.6986842
18 0.49967107 0.7052632
19 0.5539474 0.7052632
20 0.6230264 0.70855266
21 0.43388158 0.56546056
22 0.36973685 0.6493421
23 0.41743422 0.69046056
24 0.49802628 0.5572369
