reconstruct single
26 number of sample points
1 0.36480266 0.76348686
2 0.36151317 0.6878289
3 0.3631579 0.60559213
4 0.36151317 0.525
5 0.36151317 0.42631572
6 0.36151317 0.33421046
7 0.27763158 0.32434207
8 0.17894736 0.31447363
9 0.1805921 0.2552631
10 0.23486844 0.26513153
11 0.31710526 0.2585526
12 0.38618422 0.2585526
13 0.4519737 0.2552631
14 0.5194079 0.2552631
15 0.5802632 0.2552631
16 0.5851974 0.29967105
17 0.5243422 0.3111841
18 0.45361844 0.3210526
19 0.43223685 0.3835526
20 0.43717107 0.44934207
21 0.44210526 0.52828944
22 0.44539475 0.5875
23 0.44703948 0.65493417
24 0.44539475 0.7223684
25 0.44539475 0.7585526
26 0.41250002 0.76184213
