reconstruct single
116 number of sample points
1 0.13782893 0.65756583
2 0.12138157 0.6098684
3 0.10328948 0.5358553
4 0.18717104 0.5375
5 0.2069079 0.50131583
6 0.16578947 0.48651317
7 0.12138157 0.475
8 0.08684211 0.46348685
9 0.12302632 0.44703948
10 0.12960525 0.4125
11 0.13782893 0.3911184
12 0.16414474 0.41743422
13 0.18223685 0.38289472
14 0.19703947 0.4125
15 0.23651314 0.4125
16 0.22171052 0.38125002
17 0.21184209 0.34671053
18 0.21019737 0.29736844
19 0.2381579 0.24473682
20 0.2069079 0.21019737
21 0.15592104 0.22171052
22 0.17894736 0.17565788
23 0.15921052 0.13782893
24 0.20197369 0.15756579
25 0.23651314 0.13618422
26 0.22664472 0.17072368
27 0.27269736 0.21184209
28 0.34671053 0.17072368
29 0.43059212 0.16578947
30 0.5194079 0.2069079
31 0.56381583 0.25953946
32 0.64276314 0.2842105
33 0.7069079 0.2694079
34 0.68881583 0.22335526
35 0.6493421 0.22664472
36 0.6756579 0.20197369
37 0.6657895 0.1625
38 0.69703954 0.18388157
39 0.731579 0.16414474
40 0.7184211 0.20197369
41 0.7546053 0.2381579
42 0.79736847 0.25953946
43 0.83355266 0.28585526
44 0.83848685 0.32532895
45 0.8434211 0.36480263
46 0.8434211 0.4042763
47 0.8434211 0.4486842
48 0.8434211 0.4963816
49 0.84506583 0.53256583
50 0.8483553 0.5769737
51 0.887829 0.606579
52 0.825329 0.6657895
53 0.7726974 0.6148027
54 0.8055921 0.5802632
55 0.8055921 0.53914475
56 0.7825658 0.52105266
57 0.80394745 0.49967107
58 0.80394745 0.45855263
59 0.76447374 0.45032895
60 0.78914475 0.42401314
61 0.7875001 0.38125002
62 0.74967104 0.38289472
63 0.75953954 0.33848685
64 0.725 0.34835526
65 0.70197374 0.3368421
66 0.6657895 0.3631579
67 0.67236847 0.4042763
68 0.64605266 0.38618422
69 0.6197369 0.40592107
70 0.6180921 0.44703948
71 0.5819079 0.43059212
72 0.53256583 0.44375
73 0.54078954 0.5177632
74 0.55230266 0.59671056
75 0.5506579 0.6444079
76 0.5588816 0.7134869
77 0.62796056 0.7299343
78 0.5572369 0.74967104
79 0.56381583 0.8171053
80 0.5720395 0.85657895
81 0.50625 0.8615132
82 0.4486842 0.8631579
83 0.38618422 0.85822374
84 0.30230263 0.8417764
85 0.23651314 0.8203948
86 0.3105263 0.80723685
87 0.37138158 0.7710527
88 0.35493422 0.7282895
89 0.40921053 0.7299343
90 0.42236844 0.68881583
91 0.39276314 0.6542763
92 0.4355263 0.6296053
93 0.4404605 0.5588816
94 0.43388158 0.48980263
95 0.39276314 0.48980263
96 0.35 0.46513158
97 0.30723685 0.4963816
98 0.32203948 0.54078954
99 0.28914475 0.63782895
100 0.25460526 0.6542763
101 0.22993422 0.65921056
102 0.2036184 0.6608553
103 0.20032895 0.6444079
104 0.22171052 0.6361843
105 0.21677631 0.6164474
106 0.19210526 0.6197369
107 0.15263158 0.6296053
108 0.13782893 0.56546056
109 0.16578947 0.55230266
110 0.10328948 0.575329
111 0.12796052 0.6296053
112 0.6361843 0.84671056
113 0.6115132 0.6
114 0.35 0.6049342
115 0.32039472 0.57861847
116 0.3138158 0.6098684
