reconstruct single
67 number of sample points
1 0.46842104 0.46842104
2 0.47993425 0.45197368
3 0.4963816 0.44210526
4 0.5194079 0.43717107
5 0.54078954 0.43717107
6 0.5588816 0.4486842
7 0.5736843 0.47664472
8 0.57039475 0.50625
9 0.5490132 0.52598685
10 0.5177632 0.54407895
11 0.49473682 0.5506579
12 0.45361844 0.55230266
13 0.43059212 0.54078954
14 0.41085526 0.5276316
15 0.40098682 0.5095395
16 0.3944079 0.4881579
17 0.39605263 0.46513158
18 0.40592107 0.44539475
19 0.4256579 0.42072368
20 0.4404605 0.40592107
21 0.46019736 0.39605263
22 0.48651317 0.38289472
23 0.5194079 0.37960526
24 0.5490132 0.37960526
25 0.59013164 0.38289472
26 0.6131579 0.40756577
27 0.63289475 0.43223682
28 0.64605266 0.45855263
29 0.6542763 0.4881579
30 0.64276314 0.5276316
31 0.62796056 0.54736847
32 0.60822374 0.56546056
33 0.5802632 0.58355266
34 0.5490132 0.5917764
35 0.5226974 0.6
36 0.4881579 0.6148027
37 0.46842104 0.6312501
38 0.45526317 0.65921056
39 0.46184212 0.69046056
40 0.47171053 0.7052632
41 0.48980263 0.7282895
42 0.5243422 0.7381579
43 0.5605263 0.7430922
44 0.5424342 0.7430922
45 0.57861847 0.7430922
46 0.6049342 0.7332237
47 0.6180921 0.7184211
48 0.6296053 0.69375
49 0.6296053 0.65756583
50 0.62796056 0.6789474
51 0.6180921 0.64276314
52 0.58848685 0.63782895
53 0.5588816 0.64111847
54 0.53256583 0.6493421
55 0.5226974 0.669079
56 0.5243422 0.6855264
57 0.53914475 0.69539475
58 0.5621711 0.6986842
59 0.58355266 0.6921053
60 0.58848685 0.6789474
61 0.6493421 0.50625
62 0.47828946 0.4832237
63 0.49802628 0.4963816
64 0.5194079 0.49144736
65 0.53092104 0.47664472
66 0.49967107 0.606579
67 0.475 0.55230266
