reconstruct single
72 number of sample points
1 0.38453946 0.17565788
2 0.41414475 0.17565788
3 0.44375 0.17565788
4 0.44375 0.22171052
5 0.44375 0.27269736
6 0.4388158 0.32203948
7 0.44375 0.37631577
8 0.44539475 0.43059212
9 0.4486842 0.48486844
10 0.45361844 0.54736847
11 0.4832237 0.5572369
12 0.5243422 0.58848685
13 0.5424342 0.6180921
14 0.56381583 0.6608553
15 0.57861847 0.7299343
16 0.575329 0.69539475
17 0.5802632 0.7743421
18 0.5868421 0.81875
19 0.58355266 0.8631579
20 0.5720395 0.8976974
21 0.5555921 0.8664474
22 0.54078954 0.8319079
23 0.5177632 0.78914475
24 0.50625 0.74967104
25 0.49802628 0.7184211
26 0.4832237 0.6855264
27 0.46842104 0.71513164
28 0.45855263 0.74473685
29 0.45855263 0.7792764
30 0.45690787 0.82861847
31 0.44375 0.8631579
32 0.43388158 0.8927632
33 0.41907895 0.85822374
34 0.41578946 0.8171053
35 0.40592107 0.7743421
36 0.40263158 0.7299343
37 0.3911184 0.6871711
38 0.37467104 0.71513164
39 0.3598684 0.75131583
40 0.34835526 0.7858553
41 0.34013158 0.8203948
42 0.3286184 0.85328954
43 0.32039472 0.887829
44 0.29901317 0.8302632
45 0.30559212 0.85328954
46 0.29572368 0.78914475
47 0.29078948 0.74473685
48 0.28092104 0.71513164
49 0.2792763 0.6855264
50 0.22171052 0.88125
51 0.23157895 0.85822374
52 0.23651314 0.825329
53 0.24802631 0.79736847
54 0.25625 0.76447374
55 0.26282895 0.7299343
56 0.20855263 0.85822374
57 0.19210526 0.8121711
58 0.19046053 0.7694079
59 0.19375 0.73486847
60 0.20197369 0.69539475
61 0.2069079 0.65756583
62 0.22664472 0.6180921
63 0.24144739 0.59013164
64 0.28092104 0.5555921
65 0.32039472 0.54572374
66 0.35164472 0.53914475
67 0.35493422 0.5029605
68 0.35493422 0.44703948
69 0.36151317 0.3976974
70 0.36151317 0.34342104
71 0.36151317 0.28092104
72 0.3598684 0.20032895
