reconstruct single
37 number of sample points
1 0.17894736 0.07269728
2 0.16907895 0.18618417
3 0.16414474 0.30624992
4 0.16085526 0.418092
5 0.1493421 0.5513158
6 0.15592106 0.6319079
7 0.15921052 0.7388158
8 0.2694079 0.7453947
9 0.37302634 0.7042763
10 0.45032895 0.61875
11 0.4700658 0.50690794
12 0.3894737 0.4328947
13 0.39605266 0.30953944
14 0.40921053 0.2009868
15 0.36480266 0.117105186
16 0.3319079 0.36874992
17 0.29901317 0.40493417
18 0.28914475 0.082565784
19 0.16414474 0.37203944
20 0.16578947 0.24868417
21 0.16578947 0.12697369
22 0.22828946 0.0759868
23 0.33519736 0.09901315
24 0.3911184 0.15328944
25 0.40592107 0.27006572
26 0.36480263 0.3391447
27 0.33848685 0.41809207
28 0.30888155 0.41151315
29 0.30723685 0.3884868
30 0.4355263 0.46249998
31 0.45855263 0.57434213
32 0.41743422 0.6598684
33 0.33026317 0.7157895
34 0.225 0.74375
35 0.1625 0.67960525
36 0.15263158 0.60065794
37 0.1625 0.487171
