reconstruct single
23 number of sample points
1 0.24967107 0.17072368
2 0.37467104 0.16414474
3 0.40098682 0.26447368
4 0.3911184 0.3417763
5 0.41907895 0.41578946
6 0.5095395 0.38782895
7 0.6707237 0.41085526
8 0.65098685 0.49967107
9 0.512829 0.475
10 0.5194079 0.6
11 0.4930921 0.69703954
12 0.5029605 0.7759869
13 0.47335526 0.8549343
14 0.5177632 0.9240132
15 0.47171053 0.975
16 0.37960526 0.975
17 0.34013158 0.92072374
18 0.35164472 0.81875
19 0.33519736 0.53092104
20 0.30723685 0.6608553
21 0.29407895 0.3976974
22 0.27105263 0.32697368
23 0.29572368 0.26118422
