reconstruct single
500 number of sample points
1 0.32697067 0.31163054
2 0.51231374 0.83426401
3 0.20444284 0.68246831
4 0.35306548 0.80480650
5 0.26305292 0.77094396
6 0.25411087 0.36235381
7 0.44451977 0.29635406
8 0.31081925 0.79699186
9 0.79587606 0.62980430
10 0.67861377 0.80414107
11 0.63725483 0.81182290
12 0.42551356 0.81820784
13 0.50230241 0.83241213
14 0.69673934 0.35285238
15 0.66568013 0.80654331
16 0.17680898 0.53701277
17 0.31048443 0.31377307
18 0.48303979 0.29134806
19 0.22542527 0.71414262
20 0.81269471 0.59434904
21 0.80756848 0.52603214
22 0.32002886 0.31253269
23 0.24490151 0.37760159
24 0.79884846 0.40982121
25 0.26104334 0.35087583
26 0.21257476 0.43112446
27 0.46880890 0.29319749
28 0.27268408 0.78548282
29 0.42155256 0.81747514
30 0.28892705 0.79294227
31 0.61192009 0.30687246
32 0.17633702 0.58121412
33 0.42201616 0.29927859
34 0.25648736 0.35841908
35 0.71697512 0.36382205
36 0.81065100 0.56711266
37 0.26558818 0.77477110
38 0.54581318 0.28319014
39 0.31834616 0.79838417
40 0.64005809 0.81130223
41 0.77685456 0.66301079
42 0.17578145 0.63324501
43 0.33051717 0.80063555
44 0.46824343 0.82611195
45 0.68726478 0.80253427
46 0.22650321 0.40806334
47 0.17705478 0.51399300
48 0.17698150 0.52085568
49 0.47897172 0.82809645
50 0.73050992 0.37115917
51 0.62521924 0.31408184
52 0.17680921 0.53699184
53 0.73285415 0.73982384
54 0.26681398 0.34132148
55 0.55809902 0.82652494
56 0.73373880 0.73827947
57 0.51096100 0.83401378
58 0.79992106 0.62274280
59 0.72138140 0.36621066
60 0.75938277 0.38681094
61 0.20620813 0.44166558
62 0.24307996 0.38061751
63 0.40121703 0.30198161
64 0.57209941 0.28528595
65 0.17630978 0.58376509
66 0.51783305 0.28682639
67 0.39623231 0.81279144
68 0.18642526 0.65526963
69 0.58150805 0.29038631
70 0.36299216 0.30694925
71 0.25798406 0.35594103
72 0.81027805 0.56214243
73 0.29507464 0.79407944
74 0.41754836 0.29985922
75 0.45761044 0.82414507
76 0.63317749 0.31839595
77 0.77334002 0.66914625
78 0.71544608 0.36299317
79 0.61000447 0.30583401
80 0.25569711 0.75983991
81 0.23517349 0.39370811
82 0.50222081 0.83239704
83 0.40021455 0.81352807
84 0.35857317 0.80582531
85 0.47323882 0.29262178
86 0.43361431 0.81970631
87 0.17614052 0.59961710
88 0.17707168 0.51241041
89 0.19629887 0.67017447
90 0.27277442 0.78561919
91 0.25399013 0.75726311
92 0.56037959 0.28129711
93 0.80178292 0.44892855
94 0.19811420 0.45506656
95 0.80705370 0.51917175
96 0.29839754 0.31534386
97 0.45436928 0.29507403
98 0.68973319 0.80207580
99 0.80859141 0.53966473
100 0.26831626 0.33883418
101 0.23742079 0.73225063
102 0.55903174 0.82635170
103 0.60230295 0.81831470
104 0.18911740 0.65933358
105 0.80352392 0.47213071
106 0.36937248 0.80782295
107 0.42863202 0.29841881
108 0.76220269 0.68858906
109 0.19615141 0.66995186
110 0.20083921 0.45055481
111 0.35788278 0.80569760
112 0.19753165 0.67203543
113 0.41566660 0.81638637
114 0.74369853 0.72089243
115 0.64683343 0.32579873
116 0.39182270 0.81197575
117 0.29839974 0.79469451
118 0.22172814 0.70856157
119 0.17604218 0.60882653
120 0.18280187 0.48041894
121 0.70449091 0.35705445
122 0.23296398 0.72552278
123 0.80228817 0.61861044
124 0.65105117 0.80926043
125 0.17708953 0.51073888
126 0.80231490 0.45601823
127 0.17635524 0.57950700
128 0.48968413 0.29048458
129 0.80446707 0.48469999
130 0.80262253 0.46011795
131 0.80929579 0.54905188
132 0.26056537 0.35166720
133 0.75805962 0.69582178
134 0.59942386 0.81884945
135 0.47654012 0.29219275
136 0.76121384 0.69031534
137 0.57233283 0.28541248
138 0.76424724 0.38944793
139 0.42441632 0.29896667
140 0.78444264 0.64976401
141 0.74173046 0.37724174
142 0.67810800 0.80423501
143 0.80663329 0.51356903
144 0.57748219 0.82292480
145 0.76034299 0.69183561
146 0.62829609 0.81348685
147 0.29776309 0.31542631
148 0.71207180 0.77610431
149 0.48950763 0.83004537
150 0.17722653 0.49790809
151 0.22145798 0.70815375
152 0.19312785 0.66538760
153 0.32011896 0.31252098
154 0.17621372 0.59276094
155 0.71215403 0.77596077
156 0.70995256 0.36001517
157 0.21512039 0.42690970
158 0.17635313 0.57970534
159 0.23542539 0.39329105
160 0.80404867 0.47912404
161 0.43433733 0.29767735
162 0.30488989 0.31450013
163 0.24104997 0.38397853
164 0.76082603 0.69099236
165 0.66420298 0.33521465
166 0.80610864 0.50657703
167 0.48293475 0.29136171
168 0.21671839 0.70099903
169 0.20157913 0.67814535
170 0.80400331 0.47851945
171 0.27541249 0.32708506
172 0.43930081 0.82075819
173 0.50617403 0.28834157
174 0.17687333 0.53098607
175 0.39154271 0.30323887
176 0.18795178 0.65757400
177 0.68121685 0.80365759
178 0.23008549 0.72117752
179 0.55042244 0.28259113
180 0.68371929 0.34579430
181 0.44075229 0.29684367
182 0.19534964 0.45964380
183 0.19359308 0.46255210
184 0.20399600 0.44532817
185 0.30835370 0.79653578
186 0.59647665 0.81939685
187 0.35935847 0.30742148
188 0.77967565 0.65808591
189 0.56292664 0.82562828
190 0.34515618 0.30926719
191 0.28045397 0.31873798
192 0.17705359 0.51410427
193 0.81007389 0.55942152
194 0.65264279 0.32894795
195 0.77278967 0.67010702
196 0.79975325 0.42187926
197 0.74513142 0.71839097
198 0.39009429 0.81165604
199 0.17660425 0.55618629
200 0.56304995 0.82560537
201 0.65990027 0.80761683
202 0.38607404 0.30394957
203 0.17628108 0.58645284
204 0.17691101 0.52745745
205 0.79878664 0.40899732
206 0.54762222 0.28295504
207 0.80041938 0.43075676
208 0.17626245 0.58819789
209 0.50353612 0.28868439
210 0.61561534 0.30887563
211 0.80369669 0.47443313
212 0.55560361 0.28191779
213 0.24273083 0.74026647
214 0.62138856 0.31200525
215 0.39071068 0.81177006
216 0.30256585 0.31480215
217 0.81124839 0.57507399
218 0.23734624 0.73213810
219 0.65089330 0.32799956
220 0.73123618 0.74264840
221 0.28851586 0.79286621
222 0.59660041 0.29856777
223 0.31038863 0.31378552
224 0.17598493 0.61418806
225 0.81122488 0.57476073
226 0.43199071 0.81940597
227 0.25603396 0.35916977
228 0.28756819 0.79269091
229 0.74088179 0.72580970
230 0.22506561 0.71359970
231 0.23741915 0.73224815
232 0.71209321 0.36117560
233 0.55168215 0.82771678
234 0.62034749 0.81496319
235 0.17587753 0.62424653
236 0.60755938 0.30450855
237 0.73425602 0.37318990
238 0.17657497 0.55892873
239 0.17725441 0.49529715
240 0.47393375 0.29253147
241 0.80142822 0.62011168
242 0.48339688 0.29130166
243 0.42165079 0.29932607
244 0.17685035 0.53313830
245 0.72284623 0.36700474
246 0.39167277 0.81194802
247 0.30251402 0.31480889
248 0.17636151 0.57892006
249 0.39353473 0.30297999
250 0.17640665 0.57469305
251 0.18558095 0.47581766
252 0.56285332 0.28097563
253 0.76178294 0.38811205
254 0.38903190 0.81145952
255 0.37430917 0.80873613
256 0.36173866 0.80641085
257 0.73321353 0.73919646
258 0.47980744 0.82825104
259 0.34610069 0.30914444
260 0.80732528 0.52279114
261 0.51907925 0.28666443
262 0.25435491 0.75781377
263 0.20125054 0.67764932
264 0.46397605 0.82532258
265 0.27831724 0.79097968
266 0.49408959 0.28991205
267 0.50168461 0.28892501
268 0.49220628 0.29015680
269 0.78250312 0.65314990
270 0.74859698 0.71234103
271 0.57091731 0.28464514
272 0.18490981 0.47692886
273 0.71385521 0.77299096
274 0.40496052 0.81440597
275 0.45668422 0.29477319
276 0.36298837 0.80664202
277 0.26583180 0.34294766
278 0.75117032 0.70784867
279 0.56702124 0.28253311
280 0.52694318 0.28564245
281 0.76488001 0.68391518
282 0.73868698 0.37559190
283 0.17603259 0.60972432
284 0.27579574 0.32645052
285 0.64543635 0.81030330
286 0.53104913 0.83154906
287 0.71945481 0.76321553
288 0.80680431 0.51584811
289 0.80175780 0.61953633
290 0.72330924 0.75648672
291 0.30819802 0.79650699
292 0.28624650 0.79244642
293 0.26825248 0.33893978
294 0.48723944 0.29080228
295 0.80477013 0.48873884
296 0.35001460 0.30863579
297 0.27802064 0.32276679
298 0.24761162 0.37311450
299 0.19779161 0.45560068
300 0.80795635 0.53120133
301 0.34821284 0.80390887
302 0.17574813 0.63636543
303 0.57838999 0.28869603
304 0.58802540 0.82096655
305 0.17656249 0.56009759
306 0.81047695 0.60431501
307 0.17592314 0.61997499
308 0.39227918 0.30314316
309 0.77382778 0.66829475
310 0.73612723 0.73410991
311 0.81020024 0.56110541
312 0.61177286 0.81655580
313 0.35554045 0.80526432
314 0.59754528 0.29907998
315 0.59076872 0.82045702
316 0.26339664 0.34697951
317 0.22503568 0.41049311
318 0.75509129 0.70100369
319 0.74025786 0.37644346
320 0.80484809 0.48977774
321 0.24380482 0.74188773
322 0.72909067 0.74639388
323 0.67301030 0.80518184
324 0.30924994 0.31393350
325 0.73074511 0.74350567
326 0.35855963 0.80582280
327 0.47505300 0.29238601
328 0.76714542 0.67996037
329 0.22598824 0.71499246
330 0.44777290 0.29593129
331 0.22560562 0.71441487
332 0.80542660 0.61313158
333 0.74099934 0.37684541
334 0.80373830 0.47498776
335 0.81019497 0.56103526
336 0.43550970 0.82005691
337 0.20512563 0.44345786
338 0.74961729 0.38151714
339 0.81194596 0.58437053
340 0.50957571 0.83375753
341 0.80667788 0.51416325
342 0.74274519 0.72255672
343 0.62377197 0.31329728
344 0.66057147 0.33324603
345 0.37135321 0.80818934
346 0.46594508 0.82568680
347 0.24749564 0.37330653
348 0.79169610 0.63710140
349 0.26209982 0.34912663
350 0.65801312 0.33185917
351 0.20577251 0.68447553
352 0.59561902 0.29803577
353 0.27591300 0.79053495
354 0.17932404 0.64454988
355 0.80791929 0.60878001
356 0.28324485 0.31731308
357 0.81109258 0.57299754
358 0.33798779 0.80201745
359 0.65619906 0.80830428
360 0.21849223 0.42132700
361 0.32414408 0.31199788
362 0.80768381 0.52756920
363 0.46888536 0.29318755
364 0.48362783 0.82895773
365 0.38860908 0.81138130
366 0.17688399 0.52998787
367 0.77033932 0.67438467
368 0.61454789 0.81604038
369 0.17653658 0.56252428
370 0.17576230 0.63503847
371 0.59909472 0.81891058
372 0.38968201 0.30348068
373 0.70852987 0.78228758
374 0.68856290 0.34841998
375 0.23698970 0.73159987
376 0.64858278 0.32674705
377 0.81077015 0.56870058
378 0.32072618 0.79882443
379 0.22731463 0.40671989
380 0.34850899 0.30883146
381 0.80838120 0.53686327
382 0.49078145 0.83028100
383 0.17678332 0.53941607
384 0.44405329 0.29641468
385 0.29792762 0.31540493
386 0.32671817 0.31166336
387 0.17720966 0.49948770
388 0.73329761 0.37267036
389 0.45781726 0.82418333
390 0.51058003 0.28776898
391 0.60155143 0.30125168
392 0.51867869 0.83384669
393 0.17643929 0.57163622
394 0.18511550 0.47658829
395 0.25913116 0.35404179
396 0.63132810 0.81292370
397 0.57414064 0.28639248
398 0.76435042 0.68483970
399 0.78638881 0.40145072
400 0.80316617 0.46736296
401 0.28576858 0.79235802
402 0.34456499 0.80323409
403 0.79997699 0.42486106
404 0.36190698 0.80644199
405 0.70464913 0.78906233
406 0.41875944 0.29970183
407 0.63245195 0.81271496
408 0.69912789 0.79870096
409 0.73017652 0.74449828
410 0.36513845 0.30667032
411 0.80119095 0.44103934
412 0.66365559 0.80691934
413 0.76063755 0.69132139
414 0.27963312 0.79122309
415 0.78445110 0.64974924
416 0.22325140 0.41344733
417 0.45732783 0.29468955
418 0.73766126 0.73143190
419 0.29016185 0.79317068
420 0.54476479 0.82900158
421 0.80347321 0.47145491
422 0.80132687 0.44285071
423 0.61484183 0.81598579
424 0.80766517 0.52732073
425 0.80070333 0.43454085
426 0.17616106 0.59769306
427 0.70007992 0.35466328
428 0.80796852 0.53136354
429 0.62323115 0.31300410
430 0.50628403 0.83314864
431 0.75188740 0.70659684
432 0.37272354 0.80844282
433 0.23050270 0.72180733
434 0.64255648 0.32348023
435 0.70553532 0.35762062
436 0.18931479 0.65963156
437 0.22602171 0.40886057
438 0.54958395 0.82810649
439 0.46763769 0.29334969
440 0.44429156 0.29638372
441 0.80650238 0.51182436
442 0.44525397 0.82185939
443 0.20411889 0.44512469
444 0.34460409 0.30933893
445 0.26997777 0.33608325
446 0.35287864 0.80477194
447 0.23549689 0.39317266
448 0.78819057 0.64322112
449 0.35734144 0.80559746
450 0.62118422 0.31189448
451 0.78741729 0.64457106
452 0.17572648 0.63839338
453 0.17730332 0.49071594
454 0.21365303 0.69637168
455 0.50844846 0.28804599
456 0.78036345 0.39818442
457 0.80561746 0.50003107
458 0.34963999 0.30868448
459 0.37086876 0.80809973
460 0.36032160 0.80614873
461 0.76683122 0.39084869
462 0.54854904 0.82829871
463 0.40784816 0.81494012
464 0.80677802 0.51549780
465 0.45887572 0.29448838
466 0.81101640 0.57198240
467 0.56230151 0.82574439
468 0.29544441 0.79414784
469 0.20615566 0.68505393
470 0.62175882 0.81470105
471 0.80744795 0.52442590
472 0.78504333 0.40072135
473 0.55809555 0.28159394
474 0.21115520 0.69260105
475 0.68799404 0.34811161
476 0.60614479 0.30374171
477 0.38647139 0.30389793
478 0.21592944 0.69980806
479 0.80875359 0.54182601
480 0.80135317 0.62024271
481 0.76150429 0.68980830
482 0.26805265 0.33927063
483 0.81108332 0.57287413
484 0.30384409 0.79570160
485 0.29482265 0.79403283
486 0.77420201 0.66764144
487 0.56804808 0.82467704
488 0.48203990 0.29147801
489 0.60144515 0.30119407
490 0.80157858 0.44620530
491 0.28652076 0.79249716
492 0.45343212 0.82337218
493 0.34763289 0.30894532
494 0.80333101 0.46955975
495 0.45103697 0.82292912
496 0.53173256 0.83142212
497 0.77411746 0.66778905
498 0.52579432 0.28579175
499 0.67735575 0.34234467
500 0.36602053 0.80720291
